"","entryID","name","type","link","component","reaction","map","x","y","graphicalType","width","height","fgcolor","bgcolor","freq","pathway"
"entry5198","21","hca:HPPC18_02675","gene","http://www.kegg.jp/dbget-bin/www_bget?hca:HPPC18_02675",NA,"rn:R02768 rn:R04355",NA,NA,NA,"line",NA,NA,"#80CCCC","#FFFFFF",0,"01100"
"entry5199","22","hca:HPPC18_00465","gene","http://www.kegg.jp/dbget-bin/www_bget?hca:HPPC18_00465",NA,"rn:R01626",NA,NA,NA,"line",NA,NA,"#80CCCC","#FFFFFF",0,"01100"
"entry5200","23","hca:HPPC18_02685","gene","http://www.kegg.jp/dbget-bin/www_bget?hca:HPPC18_02685",NA,"rn:R02767",NA,NA,NA,"line",NA,NA,"#80CCCC","#FFFFFF",0,"01100"
"entry5201","34","hca:HPPC18_06900","gene","http://www.kegg.jp/dbget-bin/www_bget?hca:HPPC18_06900",NA,"rn:R00551",NA,NA,NA,"line",NA,NA,"#FFCC66","#FFFFFF",0,"01100"
"entry5202","134","hca:HPPC18_00195","gene","http://www.kegg.jp/dbget-bin/www_bget?hca:HPPC18_00195",NA,"rn:R00883 rn:R00885",NA,NA,NA,"line",NA,NA,"#B3B3E6","#FFFFFF",0,"01100"
"entry5203","147","hca:HPPC18_04580","gene","http://www.kegg.jp/dbget-bin/www_bget?hca:HPPC18_04580",NA,"rn:R09959",NA,NA,NA,"line",NA,NA,"#FFB3CC","#FFFFFF",0,"01100"
"entry5204","195","hca:HPPC18_02680","gene","http://www.kegg.jp/dbget-bin/www_bget?hca:HPPC18_02680",NA,"rn:R12049",NA,NA,NA,"line",NA,NA,"#F06292","#FFFFFF",0,"01100"
"entry5206","570","hca:HPPC18_03970","gene","http://www.kegg.jp/dbget-bin/www_bget?hca:HPPC18_03970",NA,"rn:R07281",NA,NA,NA,"line",NA,NA,"#FFB3CC","#FFFFFF",0,"01100"
"entry5207","593","hca:HPPC18_02780 / hca:HPPC18_02785","gene","http://www.kegg.jp/dbget-bin/www_bget?hca:HPPC18_02780+hca:HPPC18_02785",NA,"rn:R12219",NA,NA,NA,"line",NA,NA,"#99CCFF","#FFFFFF",0,"01100"
"entry5208","595","hca:HPPC18_01350","gene","http://www.kegg.jp/dbget-bin/www_bget?hca:HPPC18_01350",NA,"rn:R12194",NA,NA,NA,"line",NA,NA,"#99CCFF","#FFFFFF",0,"01100"
"entry5209","596","hca:HPPC18_00095","gene","http://www.kegg.jp/dbget-bin/www_bget?hca:HPPC18_00095",NA,"rn:R12201",NA,NA,NA,"line",NA,NA,"#99CCFF","#FFFFFF",0,"01100"
"entry5210","597","hca:HPPC18_00100","gene","http://www.kegg.jp/dbget-bin/www_bget?hca:HPPC18_00100",NA,"rn:R12202",NA,NA,NA,"line",NA,NA,"#99CCFF","#FFFFFF",0,"01100"
"entry5211","598","hca:HPPC18_07920","gene","http://www.kegg.jp/dbget-bin/www_bget?hca:HPPC18_07920",NA,"rn:R12203",NA,NA,NA,"line",NA,NA,"#99CCFF","#FFFFFF",0,"01100"
"entry5212","599","hca:HPPC18_03390","gene","http://www.kegg.jp/dbget-bin/www_bget?hca:HPPC18_03390",NA,"rn:R12204",NA,NA,NA,"line",NA,NA,"#99CCFF","#FFFFFF",0,"01100"
"entry5213","609","hca:HPPC18_07055","gene","http://www.kegg.jp/dbget-bin/www_bget?hca:HPPC18_07055",NA,"rn:R12241",NA,NA,NA,"line",NA,NA,"#80CCB3","#FFFFFF",0,"01100"
"entry5214","611","hca:HPPC18_01000","gene","http://www.kegg.jp/dbget-bin/www_bget?hca:HPPC18_01000",NA,"rn:R12240",NA,NA,NA,"line",NA,NA,"#80CCB3","#FFFFFF",0,"01100"
"entry5215","624","hca:HPPC18_00880","gene","http://www.kegg.jp/dbget-bin/www_bget?hca:HPPC18_00880",NA,"rn:R01068",NA,NA,NA,"line",NA,NA,"#CC99FF","#FFFFFF",0,"01100"
"entry5216","635","hca:HPPC18_00915","gene","http://www.kegg.jp/dbget-bin/www_bget?hca:HPPC18_00915",NA,"rn:R00945",NA,NA,NA,"line",NA,NA,"#FFCC66","#FFFFFF",0,"01100"
"entry5217","672","hca:HPPC18_05555","gene","http://www.kegg.jp/dbget-bin/www_bget?hca:HPPC18_05555",NA,"rn:R03916",NA,NA,NA,"line",NA,NA,"#FF9900","#FFFFFF",0,"01100"
"entry5218","673","hca:HPPC18_02735","gene","http://www.kegg.jp/dbget-bin/www_bget?hca:HPPC18_02735",NA,"rn:R04951",NA,NA,NA,"line",NA,NA,"#FF9900","#FFFFFF",0,"01100"
"entry5219","683","hca:HPPC18_02440","gene","http://www.kegg.jp/dbget-bin/www_bget?hca:HPPC18_02440",NA,"rn:R00253 rn:R00256",NA,NA,NA,"line",NA,NA,"#FFCC66","#FFFFFF",0,"01100"
"entry5220","716","hca:HPPC18_05130","gene","http://www.kegg.jp/dbget-bin/www_bget?hca:HPPC18_05130",NA,"rn:R04773",NA,NA,NA,"line",NA,NA,"#FF9900","#FFFFFF",0,"01100"
"entry5221","718","hca:HPPC18_07035","gene","http://www.kegg.jp/dbget-bin/www_bget?hca:HPPC18_07035",NA,"rn:R08219 rn:R08224",NA,NA,NA,"line",NA,NA,"#FF9900","#FFFFFF",0,"01100"
"entry5222","720","hca:HPPC18_00550","gene","http://www.kegg.jp/dbget-bin/www_bget?hca:HPPC18_00550",NA,"rn:R04941",NA,NA,NA,"line",NA,NA,"#FF9900","#FFFFFF",0,"01100"
"entry5223","762","hca:HPPC18_06365","gene","http://www.kegg.jp/dbget-bin/www_bget?hca:HPPC18_06365",NA,"rn:R08639",NA,NA,NA,"line",NA,NA,"#B3B3E6","#FFFFFF",0,"01100"
"entry5224","763","hca:HPPC18_05465","gene","http://www.kegg.jp/dbget-bin/www_bget?hca:HPPC18_05465",NA,"rn:R00299 rn:R00303",NA,NA,NA,"line",NA,NA,"#B3B3E6","#FFFFFF",0,"01100"
"entry5225","799","hca:HPPC18_02305 / hca:HPPC18_04305","gene","http://www.kegg.jp/dbget-bin/www_bget?hca:HPPC18_02305+hca:HPPC18_04305",NA,"rn:R02670",NA,NA,NA,"line",NA,NA,"#FFCC66","#FFFFFF",0,"01100"
"entry5226","808","hca:HPPC18_01540","gene","http://www.kegg.jp/dbget-bin/www_bget?hca:HPPC18_01540",NA,"rn:R02272",NA,NA,NA,"line",NA,NA,"#FFB3CC","#FFFFFF",0,"01100"
"entry5227","845","hca:HPPC18_04640","gene","http://www.kegg.jp/dbget-bin/www_bget?hca:HPPC18_04640",NA,"rn:R01374 rn:R01582",NA,NA,NA,"line",NA,NA,"#FFCC66","#FFFFFF",0,"01100"
"entry5228","855","hca:HPPC18_01480","gene","http://www.kegg.jp/dbget-bin/www_bget?hca:HPPC18_01480",NA,"rn:R02540",NA,NA,NA,"line",NA,NA,"#FFCC66","#FFFFFF",0,"01100"
"entry5229","903","hca:HPPC18_00090","gene","http://www.kegg.jp/dbget-bin/www_bget?hca:HPPC18_00090",NA,"rn:R09082",NA,NA,NA,"line",NA,NA,"#FFCC66","#FFFFFF",0,"01100"
"entry5230","908","hca:HPPC18_00255","gene","http://www.kegg.jp/dbget-bin/www_bget?hca:HPPC18_00255",NA,"rn:R05051",NA,NA,NA,"line",NA,NA,"#FFCC66","#FFFFFF",0,"01100"
"entry5231","917","hca:HPPC18_06780","gene","http://www.kegg.jp/dbget-bin/www_bget?hca:HPPC18_06780",NA,"rn:R04292",NA,NA,NA,"line",NA,NA,"#FFB3CC","#FFFFFF",0,"01100"
"entry5232","926","hca:HPPC18_00255","gene","http://www.kegg.jp/dbget-bin/www_bget?hca:HPPC18_00255",NA,"rn:R00245",NA,NA,NA,"line",NA,NA,"#FFCC66","#FFFFFF",0,"01100"
"entry5233","930","hca:HPPC18_01480","gene","http://www.kegg.jp/dbget-bin/www_bget?hca:HPPC18_01480",NA,"rn:R03180",NA,NA,NA,"line",NA,NA,"#FFCC66","#FFFFFF",0,"01100"
"entry5234","964","hca:HPPC18_07125","gene","http://www.kegg.jp/dbget-bin/www_bget?hca:HPPC18_07125",NA,"rn:R02788",NA,NA,NA,"line",NA,NA,"#FFCC66","#FFFFFF",0,"01100"
"entry5235","965","hca:HPPC18_03635","gene","http://www.kegg.jp/dbget-bin/www_bget?hca:HPPC18_03635",NA,"rn:R04617",NA,NA,NA,"line",NA,NA,"#FFCC66","#FFFFFF",0,"01100"
"entry5236","977","hca:HPPC18_01810","gene","http://www.kegg.jp/dbget-bin/www_bget?hca:HPPC18_01810",NA,"rn:R00484 rn:R01397",NA,NA,NA,"line",NA,NA,"#FF8080","#FFFFFF",0,"01100"
"entry5237","978","hca:HPPC18_00030","gene","http://www.kegg.jp/dbget-bin/www_bget?hca:HPPC18_00030",NA,"rn:R02473 rn:R02474",NA,NA,NA,"line",NA,NA,"#FFB3CC","#FFFFFF",0,"01100"
"entry5238","985","hca:HPPC18_00155","gene","http://www.kegg.jp/dbget-bin/www_bget?hca:HPPC18_00155",NA,"rn:R00489",NA,NA,NA,"line",NA,NA,"#FF8080","#FFFFFF",0,"01100"
"entry5239","988","hca:HPPC18_03260","gene","http://www.kegg.jp/dbget-bin/www_bget?hca:HPPC18_03260",NA,"rn:R02433",NA,NA,NA,"line",NA,NA,"#FFCC66","#FFFFFF",0,"01100"
"entry5240","990","hca:HPPC18_00665","gene","http://www.kegg.jp/dbget-bin/www_bget?hca:HPPC18_00665",NA,"rn:R00590",NA,NA,NA,"line",NA,NA,"#FFCC66","#FFFFFF",0,"01100"
"entry5241","999","hca:HPPC18_00555","gene","http://www.kegg.jp/dbget-bin/www_bget?hca:HPPC18_00555",NA,"rn:R07274",NA,NA,NA,"line",NA,NA,"#FFCC66","#FFFFFF",0,"01100"
"entry5242","1000","hca:HPPC18_00550","gene","http://www.kegg.jp/dbget-bin/www_bget?hca:HPPC18_00550",NA,"rn:R02408",NA,NA,NA,"line",NA,NA,"#FFCC66","#FFFFFF",0,"01100"
"entry5243","1011","hca:HPPC18_02735","gene","http://www.kegg.jp/dbget-bin/www_bget?hca:HPPC18_02735",NA,"rn:R00899",NA,NA,NA,"line",NA,NA,"#FF9900","#FFFFFF",0,"01100"
"entry5244","1025","hca:HPPC18_02250 / hca:HPPC18_03110","gene","http://www.kegg.jp/dbget-bin/www_bget?hca:HPPC18_02250+hca:HPPC18_03110",NA,"rn:R05578",NA,NA,NA,"line",NA,NA,"#FFB3CC","#FFFFFF",0,"01100"
"entry5245","1026","hca:HPPC18_06390 / hca:HPPC18_06395","gene","http://www.kegg.jp/dbget-bin/www_bget?hca:HPPC18_06390+hca:HPPC18_06395",NA,"rn:R02722",NA,NA,NA,"line",NA,NA,"#FFCC66","#FFFFFF",0,"01100"
"entry5246","1028","hca:HPPC18_07260","gene","http://www.kegg.jp/dbget-bin/www_bget?hca:HPPC18_07260",NA,"rn:R10991 rn:R10992",NA,NA,NA,"line",NA,NA,"#FFCC66","#FFFFFF",0,"01100"
"entry5247","1029","hca:HPPC18_06085","gene","http://www.kegg.jp/dbget-bin/www_bget?hca:HPPC18_06085",NA,"rn:R03165",NA,NA,NA,"line",NA,NA,"#FFB3CC","#FFFFFF",0,"01100"
"entry5248","1049","hca:HPPC18_03320 / hca:HPPC18_05395","gene","http://www.kegg.jp/dbget-bin/www_bget?hca:HPPC18_03320+hca:HPPC18_05395",NA,"rn:R02018",NA,NA,NA,"line",NA,NA,"#FF8080","#FFFFFF",0,"01100"
"entry5249","1050","hca:HPPC18_00540","gene","http://www.kegg.jp/dbget-bin/www_bget?hca:HPPC18_00540",NA,"rn:R02370",NA,NA,NA,"line",NA,NA,"#FF8080","#FFFFFF",0,"01100"
"entry5250","1051","hca:HPPC18_00540","gene","http://www.kegg.jp/dbget-bin/www_bget?hca:HPPC18_00540",NA,"rn:R03929",NA,NA,NA,"line",NA,NA,"#FF8080","#FFFFFF",0,"01100"
"entry5251","1052","hca:HPPC18_00540","gene","http://www.kegg.jp/dbget-bin/www_bget?hca:HPPC18_00540",NA,"rn:R01877",NA,NA,NA,"line",NA,NA,"#FF8080","#FFFFFF",0,"01100"
"entry5252","1053","hca:HPPC18_00540","gene","http://www.kegg.jp/dbget-bin/www_bget?hca:HPPC18_00540",NA,"rn:R03538",NA,NA,NA,"line",NA,NA,"#FF8080","#FFFFFF",0,"01100"
"entry5253","1063","hca:HPPC18_05860","gene","http://www.kegg.jp/dbget-bin/www_bget?hca:HPPC18_05860",NA,"rn:R02484",NA,NA,NA,"line",NA,NA,"#FF8080","#FFFFFF",0,"01100"
"entry5254","1064","hca:HPPC18_04570","gene","http://www.kegg.jp/dbget-bin/www_bget?hca:HPPC18_04570",NA,"rn:R01664 rn:R01666",NA,NA,NA,"line",NA,NA,"#FF8080","#FFFFFF",0,"01100"
"entry5255","1065","hca:HPPC18_04570","gene","http://www.kegg.jp/dbget-bin/www_bget?hca:HPPC18_04570",NA,"rn:R02102 rn:R02099",NA,NA,NA,"line",NA,NA,"#FF8080","#FFFFFF",0,"01100"
"entry5256","1069","hca:HPPC18_06275","gene","http://www.kegg.jp/dbget-bin/www_bget?hca:HPPC18_06275",NA,"rn:R01870",NA,NA,NA,"line",NA,NA,"#FF8080","#FFFFFF",0,"01100"
"entry5257","1071","hca:HPPC18_07225","gene","http://www.kegg.jp/dbget-bin/www_bget?hca:HPPC18_07225",NA,"rn:R02092 rn:R02094",NA,NA,NA,"line",NA,NA,"#FF8080","#FFFFFF",0,"01100"
"entry5258","1072","hca:HPPC18_00540","gene","http://www.kegg.jp/dbget-bin/www_bget?hca:HPPC18_00540",NA,"rn:R03537",NA,NA,NA,"line",NA,NA,"#FF8080","#FFFFFF",0,"01100"
"entry5259","1073","hca:HPPC18_00540","gene","http://www.kegg.jp/dbget-bin/www_bget?hca:HPPC18_00540",NA,"rn:R01562",NA,NA,NA,"line",NA,NA,"#FF8080","#FFFFFF",0,"01100"
"entry5260","1074","hca:HPPC18_00540","gene","http://www.kegg.jp/dbget-bin/www_bget?hca:HPPC18_00540",NA,"rn:R02148",NA,NA,NA,"line",NA,NA,"#FF8080","#FFFFFF",0,"01100"
"entry5261","1075","hca:HPPC18_00540","gene","http://www.kegg.jp/dbget-bin/www_bget?hca:HPPC18_00540",NA,"rn:R05135",NA,NA,NA,"line",NA,NA,"#FF8080","#FFFFFF",0,"01100"
"entry5262","1086","hca:HPPC18_00985","gene","http://www.kegg.jp/dbget-bin/www_bget?hca:HPPC18_00985",NA,"rn:R00719 rn:R00722",NA,NA,NA,"line",NA,NA,"#FF8080","#FFFFFF",0,"01100"
"entry5263","1090","hca:HPPC18_04210","gene","http://www.kegg.jp/dbget-bin/www_bget?hca:HPPC18_04210",NA,"rn:R01134",NA,NA,NA,"line",NA,NA,"#FF8080","#FFFFFF",0,"01100"
"entry5264","1092","hca:HPPC18_03800","gene","http://www.kegg.jp/dbget-bin/www_bget?hca:HPPC18_03800",NA,"rn:R09394",NA,NA,NA,"line",NA,NA,"#FF8080","#FFFFFF",0,"01100"
"entry5265","1093","hca:HPPC18_03835","gene","http://www.kegg.jp/dbget-bin/www_bget?hca:HPPC18_03835",NA,"rn:R00336",NA,NA,NA,"line",NA,NA,"#FF8080","#FFFFFF",0,"01100"
"entry5266","1096","hca:HPPC18_03835","gene","http://www.kegg.jp/dbget-bin/www_bget?hca:HPPC18_03835",NA,"rn:R00429",NA,NA,NA,"line",NA,NA,"#FF8080","#FFFFFF",0,"01100"
"entry5267","1116","hca:HPPC18_00985","gene","http://www.kegg.jp/dbget-bin/www_bget?hca:HPPC18_00985",NA,"rn:R01857 rn:R01858",NA,NA,NA,"line",NA,NA,"#FF8080","#FFFFFF",0,"01100"
"entry5268","1117","hca:HPPC18_00985","gene","http://www.kegg.jp/dbget-bin/www_bget?hca:HPPC18_00985",NA,"rn:R00330 rn:R00335 rn:R00430",NA,NA,NA,"line",NA,NA,"#FF8080","#FFFFFF",0,"01100"
"entry5269","1118","hca:HPPC18_01620","gene","http://www.kegg.jp/dbget-bin/www_bget?hca:HPPC18_01620",NA,"rn:R00332 rn:R00328",NA,NA,NA,"line",NA,NA,"#FF8080","#FFFFFF",0,"01100"
"entry5270","1119","hca:HPPC18_05860","gene","http://www.kegg.jp/dbget-bin/www_bget?hca:HPPC18_05860",NA,"rn:R01969",NA,NA,NA,"line",NA,NA,"#FF8080","#FFFFFF",0,"01100"
"entry5271","1121","hca:HPPC18_05160","gene","http://www.kegg.jp/dbget-bin/www_bget?hca:HPPC18_05160",NA,"rn:R01230 rn:R01231",NA,NA,NA,"line",NA,NA,"#FF8080","#FFFFFF",0,"01100"
"entry5272","1122","hca:HPPC18_02745 / hca:HPPC18_03610","gene","http://www.kegg.jp/dbget-bin/www_bget?hca:HPPC18_02745+hca:HPPC18_03610",NA,"rn:R01229",NA,NA,NA,"line",NA,NA,"#FF8080","#FFFFFF",0,"01100"
"entry5273","1123","hca:HPPC18_04095","gene","http://www.kegg.jp/dbget-bin/www_bget?hca:HPPC18_04095",NA,"rn:R01130",NA,NA,NA,"line",NA,NA,"#FF8080","#FFFFFF",0,"01100"
"entry5274","1127","hca:HPPC18_00985","gene","http://www.kegg.jp/dbget-bin/www_bget?hca:HPPC18_00985",NA,"rn:R00086 rn:R00124 rn:R00200",NA,NA,NA,"line",NA,NA,"#FF8080","#FFFFFF",0,"01100"
"entry5275","1128","hca:HPPC18_00985","gene","http://www.kegg.jp/dbget-bin/www_bget?hca:HPPC18_00985",NA,"rn:R01137 rn:R01138",NA,NA,NA,"line",NA,NA,"#FF8080","#FFFFFF",0,"01100"
"entry5276","1129","hca:HPPC18_04570","gene","http://www.kegg.jp/dbget-bin/www_bget?hca:HPPC18_04570",NA,"rn:R02088 rn:R02089",NA,NA,NA,"line",NA,NA,"#FF8080","#FFFFFF",0,"01100"
"entry5277","1131","hca:HPPC18_02745","gene","http://www.kegg.jp/dbget-bin/www_bget?hca:HPPC18_02745",NA,"rn:R04378",NA,NA,NA,"line",NA,NA,"#FF8080","#FFFFFF",0,"01100"
"entry5278","1132","hca:HPPC18_05515","gene","http://www.kegg.jp/dbget-bin/www_bget?hca:HPPC18_05515",NA,"rn:R04559",NA,NA,NA,"line",NA,NA,"#FF8080","#FFFFFF",0,"01100"
"entry5279","1158","hca:HPPC18_00020 / hca:HPPC18_05905","gene","http://www.kegg.jp/dbget-bin/www_bget?hca:HPPC18_00020+hca:HPPC18_05905",NA,"rn:R10092",NA,NA,NA,"line",NA,NA,"#CC99FF","#FFFFFF",0,"01100"
"entry5280","1168","hca:HPPC18_04215","gene","http://www.kegg.jp/dbget-bin/www_bget?hca:HPPC18_04215",NA,"rn:R05645",NA,NA,NA,"line",NA,NA,"#99CCFF","#FFFFFF",0,"01100"
"entry5281","1212","hca:HPPC18_00915","gene","http://www.kegg.jp/dbget-bin/www_bget?hca:HPPC18_00915",NA,"rn:R09099",NA,NA,NA,"line",NA,NA,"#CC99FF","#FFFFFF",0,"01100"
"entry5282","1220","hca:HPPC18_05865","gene","http://www.kegg.jp/dbget-bin/www_bget?hca:HPPC18_05865",NA,"rn:R02749",NA,NA,NA,"line",NA,NA,"#6C63F6","#FFFFFF",0,"01100"
"entry5283","1222","hca:HPPC18_05865 / hca:HPPC18_06365","gene","http://www.kegg.jp/dbget-bin/www_bget?hca:HPPC18_05865+hca:HPPC18_06365",NA,"rn:R01057",NA,NA,NA,"line",NA,NA,"#6C63F6","#FFFFFF",0,"01100"
"entry5284","1259","hca:HPPC18_03400 / hca:HPPC18_03405","gene","http://www.kegg.jp/dbget-bin/www_bget?hca:HPPC18_03400+hca:HPPC18_03405",NA,"rn:R00410 rn:R01357 rn:R01358 rn:R01359",NA,NA,NA,"line",NA,NA,"#B3B3E6","#FFFFFF",0,"01100"
"entry5285","1269","hca:HPPC18_05495 / hca:HPPC18_05500 / hca:HPPC18_05505 / hca:HPPC18_05510","gene","http://www.kegg.jp/dbget-bin/www_bget?hca:HPPC18_05495+hca:HPPC18_05500+hca:HPPC18_05505+hca:HPPC18_05510",NA,"rn:R01199 rn:R06987",NA,NA,NA,"line",NA,NA,"#B3B3E6","#FFFFFF",0,"01100"
"entry5286","1274","hca:HPPC18_03855","gene","http://www.kegg.jp/dbget-bin/www_bget?hca:HPPC18_03855",NA,"rn:R04425",NA,NA,NA,"line",NA,NA,"#B3B3E6","#FFFFFF",0,"01100"
"entry5287","1278","hca:HPPC18_05445","gene","http://www.kegg.jp/dbget-bin/www_bget?hca:HPPC18_05445",NA,"rn:R00470",NA,NA,NA,"line",NA,NA,"#B3B3E6","#FFFFFF",0,"01100"
"entry5288","1349","hca:HPPC18_05385","gene","http://www.kegg.jp/dbget-bin/www_bget?hca:HPPC18_05385",NA,"rn:R09825",NA,NA,NA,"line",NA,NA,"#B3B3E6","#FFFFFF",0,"01100"
"entry5289","1350","hca:HPPC18_01655","gene","http://www.kegg.jp/dbget-bin/www_bget?hca:HPPC18_01655",NA,"rn:R09842",NA,NA,NA,"line",NA,NA,"#B3B3E6","#FFFFFF",0,"01100"
"entry5290","1351","hca:HPPC18_01650","gene","http://www.kegg.jp/dbget-bin/www_bget?hca:HPPC18_01650",NA,"rn:R09834",NA,NA,NA,"line",NA,NA,"#B3B3E6","#FFFFFF",0,"01100"
"entry5291","1352","hca:HPPC18_00890","gene","http://www.kegg.jp/dbget-bin/www_bget?hca:HPPC18_00890",NA,"rn:R09841",NA,NA,NA,"line",NA,NA,"#B3B3E6","#FFFFFF",0,"01100"
"entry5292","1353","hca:HPPC18_01645","gene","http://www.kegg.jp/dbget-bin/www_bget?hca:HPPC18_01645",NA,"rn:R09843",NA,NA,NA,"line",NA,NA,"#B3B3E6","#FFFFFF",0,"01100"
"entry5293","1359","hca:HPPC18_04145","gene","http://www.kegg.jp/dbget-bin/www_bget?hca:HPPC18_04145",NA,"rn:R09697",NA,NA,NA,"line",NA,NA,"#B3B3E6","#FFFFFF",0,"01100"
"entry5294","1364","hca:HPPC18_03315","gene","http://www.kegg.jp/dbget-bin/www_bget?hca:HPPC18_03315",NA,"rn:R10140",NA,NA,NA,"line",NA,NA,"#B3B3E6","#FFFFFF",0,"01100"
"entry5295","1443","hca:HPPC18_02755","gene","http://www.kegg.jp/dbget-bin/www_bget?hca:HPPC18_02755",NA,"rn:R09030",NA,NA,NA,"line",NA,NA,"#B3B3E6","#FFFFFF",0,"01100"
"entry5296","1450","hca:HPPC18_02670 / hca:HPPC18_04675 / hca:HPPC18_05360 / hca:HPPC18_05365","gene","http://www.kegg.jp/dbget-bin/www_bget?hca:HPPC18_02670+hca:HPPC18_04675+hca:HPPC18_05360+hca:HPPC18_05365",NA,"rn:R00742",NA,NA,NA,"line",NA,NA,"#80CCCC","#FFFFFF",0,"01100"
"entry5297","1461","hca:HPPC18_00585","gene","http://www.kegg.jp/dbget-bin/www_bget?hca:HPPC18_00585",NA,"rn:R02262",NA,NA,NA,"line",NA,NA,"#B3B3E6","#FFFFFF",0,"01100"
"entry5298","1514","hca:HPPC18_01745","gene","http://www.kegg.jp/dbget-bin/www_bget?hca:HPPC18_01745",NA,"rn:R05636",NA,NA,NA,"line",NA,NA,"#9EE284","#FFFFFF",0,"01100"
"entry5299","1516","hca:HPPC18_05800","gene","http://www.kegg.jp/dbget-bin/www_bget?hca:HPPC18_05800",NA,"rn:R00771",NA,NA,NA,"line",NA,NA,"#B3B3E6","#FFFFFF",0,"01100"
"entry5300","1554","hca:HPPC18_04445","gene","http://www.kegg.jp/dbget-bin/www_bget?hca:HPPC18_04445",NA,"rn:R00230",NA,NA,NA,"line",NA,NA,"#B3B3E6","#FFFFFF",0,"01100"
"entry5301","1556","hca:HPPC18_02835 / hca:HPPC18_02840 / hca:HPPC18_05495 / hca:HPPC18_05500 / hca:HPPC18_05505 / hca:HPPC18_05510","gene","http://www.kegg.jp/dbget-bin/www_bget?hca:HPPC18_02835+hca:HPPC18_02840+hca:HPPC18_05495+hca:HPPC18_05500+hca:HPPC18_05505+hca:HPPC18_05510",NA,"rn:R00209 rn:R00212 rn:R01196 rn:R10866",NA,NA,NA,"line",NA,NA,"#6C63F6","#FFFFFF",0,"01100"
"entry5302","1562","hca:HPPC18_05555","gene","http://www.kegg.jp/dbget-bin/www_bget?hca:HPPC18_05555",NA,"rn:R01262",NA,NA,NA,"line",NA,NA,"#FF9900","#FFFFFF",0,"01100"
"entry5303","1572","hca:HPPC18_02875","gene","http://www.kegg.jp/dbget-bin/www_bget?hca:HPPC18_02875",NA,NA,NA,NA,NA,"line",NA,NA,"#99CCFF","#FFFFFF",0,"01100"
"entry5304","1593","hca:HPPC18_05125 / hca:HPPC18_05335","gene","http://www.kegg.jp/dbget-bin/www_bget?hca:HPPC18_05125+hca:HPPC18_05335",NA,"rn:R11329",NA,NA,NA,"line",NA,NA,"#FFB3CC","#FFFFFF",0,"01100"
"entry5305","1626","hca:HPPC18_06435","gene","http://www.kegg.jp/dbget-bin/www_bget?hca:HPPC18_06435",NA,"rn:R09993",NA,NA,NA,"line",NA,NA,"#FFB3CC","#FFFFFF",0,"01100"
"entry5306","1631","hca:HPPC18_05415","gene","http://www.kegg.jp/dbget-bin/www_bget?hca:HPPC18_05415",NA,"rn:R00291",NA,NA,NA,"line",NA,NA,"#B3B3E6","#FFFFFF",0,"01100"
"entry5307","1666","hca:HPPC18_04445","gene","http://www.kegg.jp/dbget-bin/www_bget?hca:HPPC18_04445",NA,"rn:R00921",NA,NA,NA,"line",NA,NA,"#B3B3E6","#FFFFFF",0,"01100"
"entry5308","1668","hca:HPPC18_04440","gene","http://www.kegg.jp/dbget-bin/www_bget?hca:HPPC18_04440",NA,"rn:R01353",NA,NA,NA,"line",NA,NA,"#B3B3E6","#FFFFFF",0,"01100"
"entry5309","1688","hca:HPPC18_04110","gene","http://www.kegg.jp/dbget-bin/www_bget?hca:HPPC18_04110",NA,"rn:R02869 rn:R09076",NA,NA,NA,"line",NA,NA,"#FFCC66","#FFFFFF",0,"01100"
"entry5310","1689","hca:HPPC18_00090","gene","http://www.kegg.jp/dbget-bin/www_bget?hca:HPPC18_00090",NA,"rn:R09081",NA,NA,NA,"line",NA,NA,"#FFCC66","#FFFFFF",0,"01100"
"entry5311","1695","hca:HPPC18_07460","gene","http://www.kegg.jp/dbget-bin/www_bget?hca:HPPC18_07460",NA,"rn:R01530",NA,NA,NA,"line",NA,NA,"#99CCFF","#FFFFFF",0,"01100"
"entry5312","1704","hca:HPPC18_01100","gene","http://www.kegg.jp/dbget-bin/www_bget?hca:HPPC18_01100",NA,"rn:R07460",NA,NA,NA,"line",NA,NA,"#FFB3CC","#FFFFFF",0,"01100"
"entry5313","1713","hca:HPPC18_01005","gene","http://www.kegg.jp/dbget-bin/www_bget?hca:HPPC18_01005",NA,"rn:R10707",NA,NA,NA,"line",NA,NA,"#80CCCC","#FFFFFF",0,"01100"
"entry5314","1754","hca:HPPC18_04165","gene","http://www.kegg.jp/dbget-bin/www_bget?hca:HPPC18_04165",NA,"rn:R04509",NA,NA,NA,"line",NA,NA,"#FFB3CC","#FFFFFF",0,"01100"
"entry5315","1755","hca:HPPC18_04160","gene","http://www.kegg.jp/dbget-bin/www_bget?hca:HPPC18_04160",NA,"rn:R03223",NA,NA,NA,"line",NA,NA,"#FFB3CC","#FFFFFF",0,"01100"
"entry5316","1758","hca:HPPC18_02960","gene","http://www.kegg.jp/dbget-bin/www_bget?hca:HPPC18_02960",NA,"rn:R00616 rn:R00618 rn:R11319",NA,NA,NA,"line",NA,NA,"#FFB3CC","#FFFFFF",0,"01100"
"entry5317","1760","hca:HPPC18_06435","gene","http://www.kegg.jp/dbget-bin/www_bget?hca:HPPC18_06435",NA,"rn:R02133",NA,NA,NA,"line",NA,NA,"#FFB3CC","#FFFFFF",0,"01100"
"entry5318","1762","hca:HPPC18_04165","gene","http://www.kegg.jp/dbget-bin/www_bget?hca:HPPC18_04165",NA,"rn:R03471",NA,NA,NA,"line",NA,NA,"#FFB3CC","#FFFFFF",0,"01100"
"entry5319","1763","hca:HPPC18_04170","gene","http://www.kegg.jp/dbget-bin/www_bget?hca:HPPC18_04170",NA,"rn:R04448",NA,NA,NA,"line",NA,NA,"#FFB3CC","#FFFFFF",0,"01100"
"entry5320","1764","hca:HPPC18_06455","gene","http://www.kegg.jp/dbget-bin/www_bget?hca:HPPC18_06455",NA,"rn:R00619",NA,NA,NA,"line",NA,NA,"#FFB3CC","#FFFFFF",0,"01100"
"entry5321","1766","hca:HPPC18_04160","gene","http://www.kegg.jp/dbget-bin/www_bget?hca:HPPC18_04160",NA,"rn:R10712",NA,NA,NA,"line",NA,NA,"#FFB3CC","#FFFFFF",0,"01100"
"entry5323","1787","hca:HPPC18_00545","gene","http://www.kegg.jp/dbget-bin/www_bget?hca:HPPC18_00545",NA,"rn:R01291",NA,NA,NA,"line",NA,NA,"#FFCC66","#FFFFFF",0,"01100"
"entry5324","1802","hca:HPPC18_02880","gene","http://www.kegg.jp/dbget-bin/www_bget?hca:HPPC18_02880",NA,"rn:R10124",NA,NA,NA,"line",NA,NA,"#FFB3CC","#FFFFFF",0,"01100"
"entry5325","1805","hca:HPPC18_00970","gene","http://www.kegg.jp/dbget-bin/www_bget?hca:HPPC18_00970",NA,"rn:R10122",NA,NA,NA,"line",NA,NA,"#FFB3CC","#FFFFFF",0,"01100"
"entry5326","1806","hca:HPPC18_07645","gene","http://www.kegg.jp/dbget-bin/www_bget?hca:HPPC18_07645",NA,"rn:R10121",NA,NA,NA,"line",NA,NA,"#FFB3CC","#FFFFFF",0,"01100"
"entry5327","1807","hca:HPPC18_02685","gene","http://www.kegg.jp/dbget-bin/www_bget?hca:HPPC18_02685",NA,"rn:R10120",NA,NA,NA,"line",NA,NA,"#FFB3CC","#FFFFFF",0,"01100"
"entry5328","1859","hca:HPPC18_04110","gene","http://www.kegg.jp/dbget-bin/www_bget?hca:HPPC18_04110",NA,"rn:R01920",NA,NA,NA,"line",NA,NA,"#FFCC66","#FFFFFF",0,"01100"
"entry5329","1867","hca:HPPC18_03420","gene","http://www.kegg.jp/dbget-bin/www_bget?hca:HPPC18_03420",NA,"rn:R02239 rn:R02240 rn:R09944",NA,NA,NA,"line",NA,NA,"#80CCB3","#FFFFFF",0,"01100"
"entry5330","1871","hca:HPPC18_03625","gene","http://www.kegg.jp/dbget-bin/www_bget?hca:HPPC18_03625",NA,"rn:R01150",NA,NA,NA,"line",NA,NA,"#FF9900","#FFFFFF",0,"01100"
"entry5331","1898","hca:HPPC18_06390","gene","http://www.kegg.jp/dbget-bin/www_bget?hca:HPPC18_06390",NA,"rn:R02340",NA,NA,NA,"line",NA,NA,"#FFCC66","#FFFFFF",0,"01100"
"entry5332","1899","hca:HPPC18_06390 / hca:HPPC18_06395","gene","http://www.kegg.jp/dbget-bin/www_bget?hca:HPPC18_06390+hca:HPPC18_06395",NA,"rn:R00673 rn:R00674",NA,NA,NA,"line",NA,NA,"#FFCC66","#FFFFFF",0,"01100"
"entry5334","1906","hca:HPPC18_03095","gene","http://www.kegg.jp/dbget-bin/www_bget?hca:HPPC18_03095",NA,"rn:R05066",NA,NA,NA,"line",NA,NA,"#FFCC66","#FFFFFF",0,"01100"
"entry5335","1925","hca:HPPC18_03125","gene","http://www.kegg.jp/dbget-bin/www_bget?hca:HPPC18_03125",NA,"rn:R00287 rn:R00289 rn:R00955",NA,NA,NA,"line",NA,NA,"#B3B3E6","#FFFFFF",0,"01100"
"entry5336","1929","hca:HPPC18_03135","gene","http://www.kegg.jp/dbget-bin/www_bget?hca:HPPC18_03135",NA,"rn:R00660",NA,NA,NA,"line",NA,NA,"#B3B3E6","#FFFFFF",0,"01100"
"entry5337","1930","hca:HPPC18_07650","gene","http://www.kegg.jp/dbget-bin/www_bget?hca:HPPC18_07650",NA,"rn:R04567",NA,NA,NA,"line",NA,NA,"#99CCFF","#FFFFFF",0,"01100"
"entry5338","1931","hca:HPPC18_03335","gene","http://www.kegg.jp/dbget-bin/www_bget?hca:HPPC18_03335",NA,"rn:R05332",NA,NA,NA,"line",NA,NA,"#B3B3E6","#FFFFFF",0,"01100"
"entry5339","1944","hca:HPPC18_03855","gene","http://www.kegg.jp/dbget-bin/www_bget?hca:HPPC18_03855",NA,"rn:R01324",NA,NA,NA,"line",NA,NA,"#8080F7","#FFFFFF",0,"01100"
"entry5340","1965","hca:HPPC18_02770","gene","http://www.kegg.jp/dbget-bin/www_bget?hca:HPPC18_02770",NA,"rn:R01655",NA,NA,NA,"line",NA,NA,"#B3B3E6","#FFFFFF",0,"01100"
"entry5341","1966","hca:HPPC18_02770","gene","http://www.kegg.jp/dbget-bin/www_bget?hca:HPPC18_02770",NA,"rn:R01220",NA,NA,NA,"line",NA,NA,"#B3B3E6","#FFFFFF",0,"01100"
"entry5342","1977","hca:HPPC18_03335","gene","http://www.kegg.jp/dbget-bin/www_bget?hca:HPPC18_03335",NA,"rn:R00416",NA,NA,NA,"line",NA,NA,"#B3B3E6","#FFFFFF",0,"01100"
"entry5343","1990","hca:HPPC18_07600","gene","http://www.kegg.jp/dbget-bin/www_bget?hca:HPPC18_07600",NA,"rn:R01078",NA,NA,NA,"line",NA,NA,"#FFB3CC","#FFFFFF",0,"01100"
"entry5344","1991","hca:HPPC18_00130","gene","http://www.kegg.jp/dbget-bin/www_bget?hca:HPPC18_00130",NA,"rn:R03182",NA,NA,NA,"line",NA,NA,"#FFB3CC","#FFFFFF",0,"01100"
"entry5345","1992","hca:HPPC18_02880","gene","http://www.kegg.jp/dbget-bin/www_bget?hca:HPPC18_02880",NA,"rn:R03210",NA,NA,NA,"line",NA,NA,"#FFB3CC","#FFFFFF",0,"01100"
"entry5346","2005","hca:HPPC18_05445","gene","http://www.kegg.jp/dbget-bin/www_bget?hca:HPPC18_05445",NA,"rn:R05605",NA,NA,NA,"line",NA,NA,"#6C63F6","#FFFFFF",0,"01100"
"entry5347","2007","hca:HPPC18_00880","gene","http://www.kegg.jp/dbget-bin/www_bget?hca:HPPC18_00880",NA,"rn:R01070",NA,NA,NA,"line",NA,NA,"#6C63F6","#FFFFFF",0,"01100"
"entry5348","2009","hca:HPPC18_06725","gene","http://www.kegg.jp/dbget-bin/www_bget?hca:HPPC18_06725",NA,"rn:R01512",NA,NA,NA,"line",NA,NA,"#6C63F6","#FFFFFF",0,"01100"
"entry5349","2011","hca:HPPC18_05460","gene","http://www.kegg.jp/dbget-bin/www_bget?hca:HPPC18_05460",NA,"rn:R02035",NA,NA,NA,"line",NA,NA,"#6C63F6","#FFFFFF",0,"01100"
"entry5350","2036","hca:HPPC18_06955","gene","http://www.kegg.jp/dbget-bin/www_bget?hca:HPPC18_06955",NA,"rn:R00768",NA,NA,NA,"line",NA,NA,"#B3B3E6","#FFFFFF",0,"01100"
"entry5351","2037","hca:HPPC18_07520","gene","http://www.kegg.jp/dbget-bin/www_bget?hca:HPPC18_07520",NA,"rn:R03191 rn:R03192",NA,NA,NA,"line",NA,NA,"#B3B3E6","#FFFFFF",0,"01100"
"entry5352","2046","hca:HPPC18_06365","gene","http://www.kegg.jp/dbget-bin/www_bget?hca:HPPC18_06365",NA,"rn:R01818",NA,NA,NA,"line",NA,NA,"#B3B3E6","#FFFFFF",0,"01100"
"entry5353","2047","hca:HPPC18_00200","gene","http://www.kegg.jp/dbget-bin/www_bget?hca:HPPC18_00200",NA,"rn:R00888",NA,NA,NA,"line",NA,NA,"#B3B3E6","#FFFFFF",0,"01100"
"entry5354","2048","hca:HPPC18_00205","gene","http://www.kegg.jp/dbget-bin/www_bget?hca:HPPC18_00205",NA,"rn:R05692",NA,NA,NA,"line",NA,NA,"#B3B3E6","#FFFFFF",0,"01100"
"entry5355","2055","hca:HPPC18_00500","gene","http://www.kegg.jp/dbget-bin/www_bget?hca:HPPC18_00500",NA,"rn:R01388 rn:R01392",NA,NA,NA,"line",NA,NA,"#B3B3E6","#FFFFFF",0,"01100"
"entry5356","2080","hca:HPPC18_05220","gene","http://www.kegg.jp/dbget-bin/www_bget?hca:HPPC18_05220",NA,"rn:R01513",NA,NA,NA,"line",NA,NA,"#FFCC66","#FFFFFF",0,"01100"
"entry5357","2082","hca:HPPC18_06115","gene","http://www.kegg.jp/dbget-bin/www_bget?hca:HPPC18_06115",NA,"rn:R00480",NA,NA,NA,"line",NA,NA,"#FFCC66","#FFFFFF",0,"01100"
"entry5358","2083","hca:HPPC18_04060","gene","http://www.kegg.jp/dbget-bin/www_bget?hca:HPPC18_04060",NA,"rn:R01773 rn:R01775",NA,NA,NA,"line",NA,NA,"#FFCC66","#FFFFFF",0,"01100"
"entry5359","2084","hca:HPPC18_01980","gene","http://www.kegg.jp/dbget-bin/www_bget?hca:HPPC18_01980",NA,"rn:R01771",NA,NA,NA,"line",NA,NA,"#FFCC66","#FFFFFF",0,"01100"
"entry5360","2085","hca:HPPC18_00510","gene","http://www.kegg.jp/dbget-bin/www_bget?hca:HPPC18_00510",NA,"rn:R01466",NA,NA,NA,"line",NA,NA,"#FFCC66","#FFFFFF",0,"01100"
"entry5361","2096","hca:HPPC18_00980","gene","http://www.kegg.jp/dbget-bin/www_bget?hca:HPPC18_00980",NA,"rn:R00177",NA,NA,NA,"line",NA,NA,"#FFCC66","#FFFFFF",0,"01100"
"entry5362","2097","hca:HPPC18_00460","gene","http://www.kegg.jp/dbget-bin/www_bget?hca:HPPC18_00460",NA,"rn:R00194",NA,NA,NA,"line",NA,NA,"#FFCC66","#FFFFFF",0,"01100"
"entry5363","2105","hca:HPPC18_06030","gene","http://www.kegg.jp/dbget-bin/www_bget?hca:HPPC18_06030",NA,"rn:R00586",NA,NA,NA,"line",NA,NA,"#FFCC66","#FFFFFF",0,"01100"
"entry5364","2107","hca:HPPC18_03260","gene","http://www.kegg.jp/dbget-bin/www_bget?hca:HPPC18_03260",NA,"rn:R02619",NA,NA,NA,"line",NA,NA,"#FFCC66","#FFFFFF",0,"01100"
"entry5365","2113","hca:HPPC18_02430","gene","http://www.kegg.jp/dbget-bin/www_bget?hca:HPPC18_02430",NA,"rn:R04198 rn:R04199",NA,NA,NA,"line",NA,NA,"#FFCC66","#FFFFFF",0,"01100"
"entry5366","2114","hca:HPPC18_02150","gene","http://www.kegg.jp/dbget-bin/www_bget?hca:HPPC18_02150",NA,"rn:R10147",NA,NA,NA,"line",NA,NA,"#FFCC66","#FFFFFF",0,"01100"
"entry5367","2122","hca:HPPC18_03260","gene","http://www.kegg.jp/dbget-bin/www_bget?hca:HPPC18_03260",NA,"rn:R05052 rn:R05053",NA,NA,NA,"line",NA,NA,"#FFCC66","#FFFFFF",0,"01100"
"entry5368","2123","hca:HPPC18_00245 / hca:HPPC18_02285 / hca:HPPC18_05570","gene","http://www.kegg.jp/dbget-bin/www_bget?hca:HPPC18_00245+hca:HPPC18_02285+hca:HPPC18_05570",NA,"rn:R04858 rn:R10404",NA,NA,NA,"line",NA,NA,"#FFCC66","#FFFFFF",0,"01100"
"entry5369","2124","hca:HPPC18_00255","gene","http://www.kegg.jp/dbget-bin/www_bget?hca:HPPC18_00255",NA,"rn:R04444 rn:R04445",NA,NA,NA,"line",NA,NA,"#FFCC66","#FFFFFF",0,"01100"
"entry5370","2141","hca:HPPC18_00675","gene","http://www.kegg.jp/dbget-bin/www_bget?hca:HPPC18_00675",NA,"rn:R01826",NA,NA,NA,"line",NA,NA,"#FFCC66","#FFFFFF",0,"01100"
"entry5371","2143","hca:HPPC18_01415","gene","http://www.kegg.jp/dbget-bin/www_bget?hca:HPPC18_01415",NA,"rn:R03083",NA,NA,NA,"line",NA,NA,"#FFCC66","#FFFFFF",0,"01100"
"entry5372","2144","hca:HPPC18_02035","gene","http://www.kegg.jp/dbget-bin/www_bget?hca:HPPC18_02035",NA,"rn:R03084",NA,NA,NA,"line",NA,NA,"#FFCC66","#FFFFFF",0,"01100"
"entry5373","2145","hca:HPPC18_03155","gene","http://www.kegg.jp/dbget-bin/www_bget?hca:HPPC18_03155",NA,"rn:R00582 rn:R12342 rn:R12344",NA,NA,NA,"line",NA,NA,"#FFCC66","#FFFFFF",0,"01100"
"entry5374","2146","hca:HPPC18_00795","gene","http://www.kegg.jp/dbget-bin/www_bget?hca:HPPC18_00795",NA,"rn:R02412",NA,NA,NA,"line",NA,NA,"#FFCC66","#FFFFFF",0,"01100"
"entry5375","2147","hca:HPPC18_05200","gene","http://www.kegg.jp/dbget-bin/www_bget?hca:HPPC18_05200",NA,"rn:R03460",NA,NA,NA,"line",NA,NA,"#FFCC66","#FFFFFF",0,"01100"
"entry5376","2148","hca:HPPC18_06410 / hca:HPPC18_06415","gene","http://www.kegg.jp/dbget-bin/www_bget?hca:HPPC18_06410+hca:HPPC18_06415",NA,"rn:R00985 rn:R00986",NA,NA,NA,"line",NA,NA,"#FFCC66","#FFFFFF",0,"01100"
"entry5377","2149","hca:HPPC18_06405","gene","http://www.kegg.jp/dbget-bin/www_bget?hca:HPPC18_06405",NA,"rn:R01073",NA,NA,NA,"line",NA,NA,"#FFCC66","#FFFFFF",0,"01100"
"entry5378","2150","hca:HPPC18_06400","gene","http://www.kegg.jp/dbget-bin/www_bget?hca:HPPC18_06400",NA,"rn:R03509",NA,NA,NA,"line",NA,NA,"#FFCC66","#FFFFFF",0,"01100"
"entry5379","2151","hca:HPPC18_01380 / hca:HPPC18_06400","gene","http://www.kegg.jp/dbget-bin/www_bget?hca:HPPC18_01380+hca:HPPC18_06400",NA,"rn:R03508",NA,NA,NA,"line",NA,NA,"#FFCC66","#FFFFFF",0,"01100"
"entry5380","2152","hca:HPPC18_01455","gene","http://www.kegg.jp/dbget-bin/www_bget?hca:HPPC18_01455",NA,"rn:R01715",NA,NA,NA,"line",NA,NA,"#FFCC66","#FFFFFF",0,"01100"
"entry5381","2153","hca:HPPC18_03260","gene","http://www.kegg.jp/dbget-bin/www_bget?hca:HPPC18_03260",NA,"rn:R00688 rn:R00689 rn:R00692 rn:R00694",NA,NA,NA,"line",NA,NA,"#FFCC66","#FFFFFF",0,"01100"
"entry5382","2154","hca:HPPC18_07620","gene","http://www.kegg.jp/dbget-bin/www_bget?hca:HPPC18_07620",NA,"rn:R01728 rn:R01730",NA,NA,NA,"line",NA,NA,"#FFCC66","#FFFFFF",0,"01100"
"entry5383","2182","hca:HPPC18_03540","gene","http://www.kegg.jp/dbget-bin/www_bget?hca:HPPC18_03540",NA,"rn:R00483 rn:R00485 rn:R00578",NA,NA,NA,"line",NA,NA,"#FFCC66","#FFFFFF",0,"01100"
"entry5384","2193","hca:HPPC18_05105","gene","http://www.kegg.jp/dbget-bin/www_bget?hca:HPPC18_05105",NA,"rn:R00566",NA,NA,NA,"line",NA,NA,"#FFCC66","#FFFFFF",0,"01100"
"entry5385","2195","hca:HPPC18_00460","gene","http://www.kegg.jp/dbget-bin/www_bget?hca:HPPC18_00460",NA,"rn:R01401",NA,NA,NA,"line",NA,NA,"#FFCC66","#FFFFFF",0,"01100"
"entry5386","2199","hca:HPPC18_03140","gene","http://www.kegg.jp/dbget-bin/www_bget?hca:HPPC18_03140",NA,"rn:R00490",NA,NA,NA,"line",NA,NA,"#FFCC66","#FFFFFF",0,"01100"
"entry5387","2208","hca:HPPC18_07260","gene","http://www.kegg.jp/dbget-bin/www_bget?hca:HPPC18_07260",NA,"rn:R02196 rn:R02197 rn:R02199",NA,NA,NA,"line",NA,NA,"#FFCC66","#FFFFFF",0,"01100"
"entry5388","2213","hca:HPPC18_07260","gene","http://www.kegg.jp/dbget-bin/www_bget?hca:HPPC18_07260",NA,"rn:R01088 rn:R01090",NA,NA,NA,"line",NA,NA,"#FFCC66","#FFFFFF",0,"01100"
"entry5389","2214","hca:HPPC18_07260","gene","http://www.kegg.jp/dbget-bin/www_bget?hca:HPPC18_07260",NA,"rn:R01214 rn:R01215 rn:R01434",NA,NA,NA,"line",NA,NA,"#FFCC66","#FFFFFF",0,"01100"
"entry5390","2216","hca:HPPC18_06235","gene","http://www.kegg.jp/dbget-bin/www_bget?hca:HPPC18_06235",NA,"rn:R02413 rn:R02415 rn:R06847",NA,NA,NA,"line",NA,NA,"#FFCC66","#FFFFFF",0,"01100"
"entry5391","2226","hca:HPPC18_01670","gene","http://www.kegg.jp/dbget-bin/www_bget?hca:HPPC18_01670",NA,"rn:R05068 rn:R05069",NA,NA,NA,"line",NA,NA,"#FFCC66","#FFFFFF",0,"01100"
"entry5392","2233","hca:HPPC18_03260","gene","http://www.kegg.jp/dbget-bin/www_bget?hca:HPPC18_03260",NA,"rn:R00895 rn:R00896",NA,NA,NA,"line",NA,NA,"#FFCC66","#FFFFFF",0,"01100"
"entry5393","2260","hca:HPPC18_03410","gene","http://www.kegg.jp/dbget-bin/www_bget?hca:HPPC18_03410",NA,"rn:R01177",NA,NA,NA,"line",NA,NA,"#80CCCC","#FFFFFF",0,"01100"
"entry5394","2265","hca:HPPC18_00970","gene","http://www.kegg.jp/dbget-bin/www_bget?hca:HPPC18_00970",NA,"rn:R04969 rn:R04970",NA,NA,NA,"line",NA,NA,"#80CCCC","#FFFFFF",0,"01100"
"entry5395","2266","hca:HPPC18_07645","gene","http://www.kegg.jp/dbget-bin/www_bget?hca:HPPC18_07645",NA,"rn:R04544",NA,NA,NA,"line",NA,NA,"#80CCCC","#FFFFFF",0,"01100"
"entry5396","2267","hca:HPPC18_02685","gene","http://www.kegg.jp/dbget-bin/www_bget?hca:HPPC18_02685",NA,"rn:R04543",NA,NA,NA,"line",NA,NA,"#80CCCC","#FFFFFF",0,"01100"
"entry5397","2268","hca:HPPC18_02675","gene","http://www.kegg.jp/dbget-bin/www_bget?hca:HPPC18_02675",NA,"rn:R04968",NA,NA,NA,"line",NA,NA,"#80CCCC","#FFFFFF",0,"01100"
"entry5398","2270","hca:HPPC18_00970","gene","http://www.kegg.jp/dbget-bin/www_bget?hca:HPPC18_00970",NA,"rn:R04966 rn:R04967",NA,NA,NA,"line",NA,NA,"#80CCCC","#FFFFFF",0,"01100"
"entry5399","2271","hca:HPPC18_07645","gene","http://www.kegg.jp/dbget-bin/www_bget?hca:HPPC18_07645",NA,"rn:R04568",NA,NA,NA,"line",NA,NA,"#80CCCC","#FFFFFF",0,"01100"
"entry5400","2272","hca:HPPC18_02685","gene","http://www.kegg.jp/dbget-bin/www_bget?hca:HPPC18_02685",NA,"rn:R04566",NA,NA,NA,"line",NA,NA,"#80CCCC","#FFFFFF",0,"01100"
"entry5401","2273","hca:HPPC18_02675","gene","http://www.kegg.jp/dbget-bin/www_bget?hca:HPPC18_02675",NA,"rn:R04726",NA,NA,NA,"line",NA,NA,"#80CCCC","#FFFFFF",0,"01100"
"entry5402","2275","hca:HPPC18_00970","gene","http://www.kegg.jp/dbget-bin/www_bget?hca:HPPC18_00970",NA,"rn:R04724 rn:R04725",NA,NA,NA,"line",NA,NA,"#80CCCC","#FFFFFF",0,"01100"
"entry5403","2276","hca:HPPC18_07645","gene","http://www.kegg.jp/dbget-bin/www_bget?hca:HPPC18_07645",NA,"rn:R04965",NA,NA,NA,"line",NA,NA,"#80CCCC","#FFFFFF",0,"01100"
"entry5404","2277","hca:HPPC18_02685","gene","http://www.kegg.jp/dbget-bin/www_bget?hca:HPPC18_02685",NA,"rn:R04964",NA,NA,NA,"line",NA,NA,"#80CCCC","#FFFFFF",0,"01100"
"entry5405","2278","hca:HPPC18_02675","gene","http://www.kegg.jp/dbget-bin/www_bget?hca:HPPC18_02675",NA,"rn:R04963",NA,NA,NA,"line",NA,NA,"#80CCCC","#FFFFFF",0,"01100"
"entry5406","2280","hca:HPPC18_00970","gene","http://www.kegg.jp/dbget-bin/www_bget?hca:HPPC18_00970",NA,"rn:R04961 rn:R04962",NA,NA,NA,"line",NA,NA,"#80CCCC","#FFFFFF",0,"01100"
"entry5407","2281","hca:HPPC18_07645","gene","http://www.kegg.jp/dbget-bin/www_bget?hca:HPPC18_07645",NA,"rn:R04535",NA,NA,NA,"line",NA,NA,"#80CCCC","#FFFFFF",0,"01100"
"entry5408","2282","hca:HPPC18_02685","gene","http://www.kegg.jp/dbget-bin/www_bget?hca:HPPC18_02685",NA,"rn:R04534",NA,NA,NA,"line",NA,NA,"#80CCCC","#FFFFFF",0,"01100"
"entry5409","2283","hca:HPPC18_02675","gene","http://www.kegg.jp/dbget-bin/www_bget?hca:HPPC18_02675",NA,"rn:R04960",NA,NA,NA,"line",NA,NA,"#80CCCC","#FFFFFF",0,"01100"
"entry5410","2285","hca:HPPC18_00970","gene","http://www.kegg.jp/dbget-bin/www_bget?hca:HPPC18_00970",NA,"rn:R04958 rn:R04959",NA,NA,NA,"line",NA,NA,"#80CCCC","#FFFFFF",0,"01100"
"entry5411","2286","hca:HPPC18_07645","gene","http://www.kegg.jp/dbget-bin/www_bget?hca:HPPC18_07645",NA,"rn:R04537",NA,NA,NA,"line",NA,NA,"#80CCCC","#FFFFFF",0,"01100"
"entry5412","2287","hca:HPPC18_02685","gene","http://www.kegg.jp/dbget-bin/www_bget?hca:HPPC18_02685",NA,"rn:R04536",NA,NA,NA,"line",NA,NA,"#80CCCC","#FFFFFF",0,"01100"
"entry5413","2288","hca:HPPC18_02675","gene","http://www.kegg.jp/dbget-bin/www_bget?hca:HPPC18_02675",NA,"rn:R04957",NA,NA,NA,"line",NA,NA,"#80CCCC","#FFFFFF",0,"01100"
"entry5414","2290","hca:HPPC18_00970","gene","http://www.kegg.jp/dbget-bin/www_bget?hca:HPPC18_00970",NA,"rn:R04955 rn:R04956",NA,NA,NA,"line",NA,NA,"#80CCCC","#FFFFFF",0,"01100"
"entry5415","2291","hca:HPPC18_07645","gene","http://www.kegg.jp/dbget-bin/www_bget?hca:HPPC18_07645",NA,"rn:R04954",NA,NA,NA,"line",NA,NA,"#80CCCC","#FFFFFF",0,"01100"
"entry5416","2292","hca:HPPC18_02685","gene","http://www.kegg.jp/dbget-bin/www_bget?hca:HPPC18_02685",NA,"rn:R04953",NA,NA,NA,"line",NA,NA,"#80CCCC","#FFFFFF",0,"01100"
"entry5417","2293","hca:HPPC18_02675","gene","http://www.kegg.jp/dbget-bin/www_bget?hca:HPPC18_02675",NA,"rn:R04952",NA,NA,NA,"line",NA,NA,"#80CCCC","#FFFFFF",0,"01100"
"entry5418","2295","hca:HPPC18_00970","gene","http://www.kegg.jp/dbget-bin/www_bget?hca:HPPC18_00970",NA,"rn:R04429 rn:R04430",NA,NA,NA,"line",NA,NA,"#80CCCC","#FFFFFF",0,"01100"
"entry5419","2296","hca:HPPC18_07645","gene","http://www.kegg.jp/dbget-bin/www_bget?hca:HPPC18_07645",NA,"rn:R04428",NA,NA,NA,"line",NA,NA,"#80CCCC","#FFFFFF",0,"01100"
"entry5420","2297","hca:HPPC18_02685","gene","http://www.kegg.jp/dbget-bin/www_bget?hca:HPPC18_02685",NA,"rn:R04533",NA,NA,NA,"line",NA,NA,"#80CCCC","#FFFFFF",0,"01100"
"entry5421","2298","hca:HPPC18_02675","gene","http://www.kegg.jp/dbget-bin/www_bget?hca:HPPC18_02675",NA,"rn:R04355",NA,NA,NA,"line",NA,NA,"#80CCCC","#FFFFFF",0,"01100"
"entry5422","2304","hca:HPPC18_01075","gene","http://www.kegg.jp/dbget-bin/www_bget?hca:HPPC18_01075",NA,"rn:R05688",NA,NA,NA,"line",NA,NA,"#9EE284","#FFFFFF",0,"01100"
"entry5423","2305","hca:HPPC18_02120","gene","http://www.kegg.jp/dbget-bin/www_bget?hca:HPPC18_02120",NA,"rn:R05633",NA,NA,NA,"line",NA,NA,"#9EE284","#FFFFFF",0,"01100"
"entry5424","2306","hca:HPPC18_07390","gene","http://www.kegg.jp/dbget-bin/www_bget?hca:HPPC18_07390",NA,"rn:R05634",NA,NA,NA,"line",NA,NA,"#9EE284","#FFFFFF",0,"01100"
"entry5425","2307","hca:HPPC18_02120","gene","http://www.kegg.jp/dbget-bin/www_bget?hca:HPPC18_02120",NA,"rn:R05637",NA,NA,NA,"line",NA,NA,"#9EE284","#FFFFFF",0,"01100"
"entry5426","2308","hca:HPPC18_03010","gene","http://www.kegg.jp/dbget-bin/www_bget?hca:HPPC18_03010",NA,"rn:R08689 rn:R10859",NA,NA,NA,"line",NA,NA,"#9EE284","#FFFFFF",0,"01100"
"entry5427","2309","hca:HPPC18_05205","gene","http://www.kegg.jp/dbget-bin/www_bget?hca:HPPC18_05205",NA,"rn:R05884",NA,NA,NA,"line",NA,NA,"#9EE284","#FFFFFF",0,"01100"
"entry5428","2399","hca:HPPC18_02755","gene","http://www.kegg.jp/dbget-bin/www_bget?hca:HPPC18_02755",NA,"rn:R01056",NA,NA,NA,"line",NA,NA,"#CC99FF","#FFFFFF",0,"01100"
"entry5429","2400","hca:HPPC18_01790","gene","http://www.kegg.jp/dbget-bin/www_bget?hca:HPPC18_01790",NA,"rn:R01641",NA,NA,NA,"line",NA,NA,"#CC99FF","#FFFFFF",0,"01100"
"entry5430","2402","hca:HPPC18_00880","gene","http://www.kegg.jp/dbget-bin/www_bget?hca:HPPC18_00880",NA,"rn:R01829",NA,NA,NA,"line",NA,NA,"#CC99FF","#FFFFFF",0,"01100"
"entry5431","2403","hca:HPPC18_01790","gene","http://www.kegg.jp/dbget-bin/www_bget?hca:HPPC18_01790",NA,"rn:R00761 rn:R01067",NA,NA,NA,"line",NA,NA,"#CC99FF","#FFFFFF",0,"01100"
"entry5432","2404","hca:HPPC18_06840","gene","http://www.kegg.jp/dbget-bin/www_bget?hca:HPPC18_06840",NA,"rn:R00762 rn:R00756 rn:R05805",NA,NA,NA,"line",NA,NA,"#CC99FF","#FFFFFF",0,"01100"
"entry5433","2405","hca:HPPC18_04525 / hca:HPPC18_06730","gene","http://www.kegg.jp/dbget-bin/www_bget?hca:HPPC18_04525+hca:HPPC18_06730",NA,"rn:R01061 rn:R01063",NA,NA,NA,"line",NA,NA,"#CC99FF","#FFFFFF",0,"01100"
"entry5434","2406","hca:HPPC18_06725","gene","http://www.kegg.jp/dbget-bin/www_bget?hca:HPPC18_06725",NA,"rn:R01512",NA,NA,NA,"line",NA,NA,"#CC99FF","#FFFFFF",0,"01100"
"entry5435","2408","hca:HPPC18_06845","gene","http://www.kegg.jp/dbget-bin/www_bget?hca:HPPC18_06845",NA,"rn:R01529",NA,NA,NA,"line",NA,NA,"#CC99FF","#FFFFFF",0,"01100"
"entry5436","2426","hca:HPPC18_01330 / hca:HPPC18_02790","gene","http://www.kegg.jp/dbget-bin/www_bget?hca:HPPC18_01330+hca:HPPC18_02790",NA,"rn:R01993",NA,NA,NA,"line",NA,NA,"#FF8080","#FFFFFF",0,"01100"
"entry5437","2427","hca:HPPC18_02160","gene","http://www.kegg.jp/dbget-bin/www_bget?hca:HPPC18_02160",NA,"rn:R01867 rn:R01868 rn:R01869",NA,NA,NA,"line",NA,NA,"#FF8080","#FFFFFF",0,"01100"
"entry5438","2428","hca:HPPC18_03845","gene","http://www.kegg.jp/dbget-bin/www_bget?hca:HPPC18_03845",NA,"rn:R00155 rn:R00158",NA,NA,NA,"line",NA,NA,"#FF8080","#FFFFFF",0,"01100"
"entry5439","2429","hca:HPPC18_00985","gene","http://www.kegg.jp/dbget-bin/www_bget?hca:HPPC18_00985",NA,"rn:R00156 rn:R00159",NA,NA,NA,"line",NA,NA,"#FF8080","#FFFFFF",0,"01100"
"entry5440","2430","hca:HPPC18_01720 / hca:HPPC18_05355","gene","http://www.kegg.jp/dbget-bin/www_bget?hca:HPPC18_01720+hca:HPPC18_05355",NA,"rn:R00571 rn:R00573 rn:R00568",NA,NA,NA,"line",NA,NA,"#FF8080","#FFFFFF",0,"01100"
"entry5441","2431","hca:HPPC18_00985","gene","http://www.kegg.jp/dbget-bin/www_bget?hca:HPPC18_00985",NA,"rn:R00569 rn:R00570",NA,NA,NA,"line",NA,NA,"#FF8080","#FFFFFF",0,"01100"
"entry5442","2433","hca:HPPC18_04570","gene","http://www.kegg.jp/dbget-bin/www_bget?hca:HPPC18_04570",NA,"rn:R00511 rn:R00513 rn:R00516 rn:R00517 rn:R00962 rn:R01548 rn:R02091 rn:R02096 rn:R02371 rn:R02372",NA,NA,NA,"line",NA,NA,"#FF8080","#FFFFFF",0,"01100"
"entry5443","2434","hca:HPPC18_04570","gene","http://www.kegg.jp/dbget-bin/www_bget?hca:HPPC18_04570",NA,"rn:R00963 rn:R00964 rn:R00967 rn:R00968 rn:R00970 rn:R01549 rn:R01880 rn:R02097 rn:R02327 rn:R02332",NA,NA,NA,"line",NA,NA,"#FF8080","#FFFFFF",0,"01100"
"entry5444","2440","hca:HPPC18_03320 / hca:HPPC18_05395","gene","http://www.kegg.jp/dbget-bin/www_bget?hca:HPPC18_03320+hca:HPPC18_05395",NA,"rn:R02024",NA,NA,NA,"line",NA,NA,"#FF8080","#FFFFFF",0,"01100"
"entry5445","2441","hca:HPPC18_05355","gene","http://www.kegg.jp/dbget-bin/www_bget?hca:HPPC18_05355",NA,"rn:R02325",NA,NA,NA,"line",NA,NA,"#FF8080","#FFFFFF",0,"01100"
"entry5446","2443","hca:HPPC18_00985","gene","http://www.kegg.jp/dbget-bin/www_bget?hca:HPPC18_00985",NA,"rn:R02093 rn:R02095",NA,NA,NA,"line",NA,NA,"#FF8080","#FFFFFF",0,"01100"
"entry5447","2444","hca:HPPC18_00985","gene","http://www.kegg.jp/dbget-bin/www_bget?hca:HPPC18_00985",NA,"rn:R02326",NA,NA,NA,"line",NA,NA,"#FF8080","#FFFFFF",0,"01100"
"entry5448","2445","hca:HPPC18_00025","gene","http://www.kegg.jp/dbget-bin/www_bget?hca:HPPC18_00025",NA,"rn:R00965",NA,NA,NA,"line",NA,NA,"#FF8080","#FFFFFF",0,"01100"
"entry5449","2452","hca:HPPC18_04570","gene","http://www.kegg.jp/dbget-bin/www_bget?hca:HPPC18_04570",NA,"rn:R01567 rn:R01569",NA,NA,NA,"line",NA,NA,"#FF8080","#FFFFFF",0,"01100"
"entry5450","2456","hca:HPPC18_05555","gene","http://www.kegg.jp/dbget-bin/www_bget?hca:HPPC18_05555",NA,"rn:R00494",NA,NA,NA,"line",NA,NA,"#FF9900","#FFFFFF",0,"01100"
"entry5451","2473","hca:HPPC18_02380","gene","http://www.kegg.jp/dbget-bin/www_bget?hca:HPPC18_02380",NA,"rn:R07859 rn:R07860",NA,NA,NA,"line",NA,NA,"#80CCB3","#FFFFFF",0,"01100"
"entry5452","2474","hca:HPPC18_02380","gene","http://www.kegg.jp/dbget-bin/www_bget?hca:HPPC18_02380",NA,"rn:R07064",NA,NA,NA,"line",NA,NA,"#80CCB3","#FFFFFF",0,"01100"
"entry5453","2475","hca:HPPC18_02135","gene","http://www.kegg.jp/dbget-bin/www_bget?hca:HPPC18_02135",NA,"rn:R01801",NA,NA,NA,"line",NA,NA,"#80CCB3","#FFFFFF",0,"01100"
"entry5454","2476","hca:HPPC18_01070","gene","http://www.kegg.jp/dbget-bin/www_bget?hca:HPPC18_01070",NA,"rn:R01799",NA,NA,NA,"line",NA,NA,"#80CCB3","#FFFFFF",0,"01100"
"entry5455","2477","hca:HPPC18_06740","gene","http://www.kegg.jp/dbget-bin/www_bget?hca:HPPC18_06740",NA,"rn:R02241",NA,NA,NA,"line",NA,NA,"#80CCB3","#FFFFFF",0,"01100"
"entry5456","2478","hca:HPPC18_07055","gene","http://www.kegg.jp/dbget-bin/www_bget?hca:HPPC18_07055",NA,"rn:R00851 rn:R12241",NA,NA,NA,"line",NA,NA,"#80CCB3","#FFFFFF",0,"01100"
"entry5457","2479","hca:HPPC18_01875","gene","http://www.kegg.jp/dbget-bin/www_bget?hca:HPPC18_01875",NA,"rn:R01800",NA,NA,NA,"line",NA,NA,"#80CCB3","#FFFFFF",0,"01100"
"entry5458","2480","hca:HPPC18_06785","gene","http://www.kegg.jp/dbget-bin/www_bget?hca:HPPC18_06785",NA,"rn:R02055 rn:R07376",NA,NA,NA,"line",NA,NA,"#80CCB3","#FFFFFF",0,"01100"
"entry5459","2501","hca:HPPC18_02380","gene","http://www.kegg.jp/dbget-bin/www_bget?hca:HPPC18_02380",NA,"rn:R03438 rn:R07387",NA,NA,NA,"line",NA,NA,"#80CCB3","#FFFFFF",0,"01100"
"entry5460","2505","hca:HPPC18_02380","gene","http://www.kegg.jp/dbget-bin/www_bget?hca:HPPC18_02380",NA,"rn:R04413 rn:R07379",NA,NA,NA,"line",NA,NA,"#80CCB3","#FFFFFF",0,"01100"
"entry5461","2556","hca:HPPC18_02380","gene","http://www.kegg.jp/dbget-bin/www_bget?hca:HPPC18_02380",NA,"rn:R01317",NA,NA,NA,"line",NA,NA,"#80CCB3","#FFFFFF",0,"01100"
"entry5462","2575","hca:HPPC18_06775","gene","http://www.kegg.jp/dbget-bin/www_bget?hca:HPPC18_06775",NA,"rn:R03348",NA,NA,NA,"line",NA,NA,"#FFB3CC","#FFFFFF",0,"01100"
"entry5463","2576","hca:HPPC18_06685","gene","http://www.kegg.jp/dbget-bin/www_bget?hca:HPPC18_06685",NA,"rn:R03004 rn:R03005",NA,NA,NA,"line",NA,NA,"#FFB3CC","#FFFFFF",0,"01100"
"entry5464","2577","hca:HPPC18_01665","gene","http://www.kegg.jp/dbget-bin/www_bget?hca:HPPC18_01665",NA,"rn:R00189 rn:R00257",NA,NA,NA,"line",NA,NA,"#FFB3CC","#FFFFFF",0,"01100"
"entry5465","2581","hca:HPPC18_06880","gene","http://www.kegg.jp/dbget-bin/www_bget?hca:HPPC18_06880",NA,"rn:R00104 rn:R00112",NA,NA,NA,"line",NA,NA,"#FFB3CC","#FFFFFF",0,"01100"
"entry5466","2594","hca:HPPC18_04565","gene","http://www.kegg.jp/dbget-bin/www_bget?hca:HPPC18_04565",NA,"rn:R01658",NA,NA,NA,"line",NA,NA,"#9EE284","#FFFFFF",0,"01100"
"entry5467","2613","hca:HPPC18_04565","gene","http://www.kegg.jp/dbget-bin/www_bget?hca:HPPC18_04565",NA,"rn:R02003",NA,NA,NA,"line",NA,NA,"#9EE284","#FFFFFF",0,"01100"
"entry5468","2615","hca:HPPC18_07540","gene","http://www.kegg.jp/dbget-bin/www_bget?hca:HPPC18_07540",NA,"rn:R01122",NA,NA,NA,"line",NA,NA,"#9EE284","#FFFFFF",0,"01100"
"entry5469","2686","hca:HPPC18_01970","gene","http://www.kegg.jp/dbget-bin/www_bget?hca:HPPC18_01970",NA,"rn:R04587",NA,NA,NA,"line",NA,NA,"#99CCFF","#FFFFFF",0,"01100"
"entry5470","2687","hca:HPPC18_00975","gene","http://www.kegg.jp/dbget-bin/www_bget?hca:HPPC18_00975",NA,"rn:R04550",NA,NA,NA,"line",NA,NA,"#99CCFF","#FFFFFF",0,"01100"
"entry5471","2688","hca:HPPC18_05235","gene","http://www.kegg.jp/dbget-bin/www_bget?hca:HPPC18_05235",NA,"rn:R04549",NA,NA,NA,"line",NA,NA,"#99CCFF","#FFFFFF",0,"01100"
"entry5472","2689","hca:HPPC18_01660","gene","http://www.kegg.jp/dbget-bin/www_bget?hca:HPPC18_01660",NA,"rn:R04657",NA,NA,NA,"line",NA,NA,"#99CCFF","#FFFFFF",0,"01100"
"entry5473","2690","hca:HPPC18_04715","gene","http://www.kegg.jp/dbget-bin/www_bget?hca:HPPC18_04715",NA,"rn:R05074",NA,NA,NA,"line",NA,NA,"#99CCFF","#FFFFFF",0,"01100"
"entry5474","2692","hca:HPPC18_01400","gene","http://www.kegg.jp/dbget-bin/www_bget?hca:HPPC18_01400",NA,"rn:R05146",NA,NA,NA,"line",NA,NA,"#99CCFF","#FFFFFF",0,"01100"
"entry5475","2694","hca:HPPC18_00805 / hca:HPPC18_01395 / hca:HPPC18_02030 / hca:HPPC18_04715 / hca:HPPC18_05935 / hca:HPPC18_07535","gene","http://www.kegg.jp/dbget-bin/www_bget?hca:HPPC18_00805+hca:HPPC18_01395+hca:HPPC18_02030+hca:HPPC18_04715+hca:HPPC18_05935+hca:HPPC18_07535",NA,NA,NA,NA,NA,"line",NA,NA,"#99CCFF","#FFFFFF",0,"01100"
"entry5476","2696","hca:HPPC18_04225","gene","http://www.kegg.jp/dbget-bin/www_bget?hca:HPPC18_04225",NA,"rn:R05176",NA,NA,NA,"line",NA,NA,"#99CCFF","#FFFFFF",0,"01100"
"entry5477","2697","hca:HPPC18_04220","gene","http://www.kegg.jp/dbget-bin/www_bget?hca:HPPC18_04220",NA,"rn:R05644",NA,NA,NA,"line",NA,NA,"#99CCFF","#FFFFFF",0,"01100"
"entry5478","2698","hca:HPPC18_04230","gene","http://www.kegg.jp/dbget-bin/www_bget?hca:HPPC18_04230",NA,"rn:R05647",NA,NA,NA,"line",NA,NA,"#99CCFF","#FFFFFF",0,"01100"
"entry5479","2699","hca:HPPC18_04220","gene","http://www.kegg.jp/dbget-bin/www_bget?hca:HPPC18_04220",NA,"rn:R05646",NA,NA,NA,"line",NA,NA,"#99CCFF","#FFFFFF",0,"01100"
"entry5480","2700","hca:HPPC18_04715","gene","http://www.kegg.jp/dbget-bin/www_bget?hca:HPPC18_04715",NA,"rn:R04658",NA,NA,NA,"line",NA,NA,"#99CCFF","#FFFFFF",0,"01100"
"entry5481","2702","hca:HPPC18_03000","gene","http://www.kegg.jp/dbget-bin/www_bget?hca:HPPC18_03000",NA,"rn:R03193",NA,NA,NA,"line",NA,NA,"#99CCFF","#FFFFFF",0,"01100"
"entry5482","2703","hca:HPPC18_02355","gene","http://www.kegg.jp/dbget-bin/www_bget?hca:HPPC18_02355",NA,"rn:R02783",NA,NA,NA,"line",NA,NA,"#99CCFF","#FFFFFF",0,"01100"
"entry5483","2705","hca:HPPC18_03635","gene","http://www.kegg.jp/dbget-bin/www_bget?hca:HPPC18_03635",NA,"rn:R04573",NA,NA,NA,"line",NA,NA,"#99CCFF","#FFFFFF",0,"01100"
"entry5484","2706","hca:HPPC18_02350","gene","http://www.kegg.jp/dbget-bin/www_bget?hca:HPPC18_02350",NA,"rn:R05629",NA,NA,NA,"line",NA,NA,"#99CCFF","#FFFFFF",0,"01100"
"entry5485","2707","hca:HPPC18_05740","gene","http://www.kegg.jp/dbget-bin/www_bget?hca:HPPC18_05740",NA,"rn:R05662",NA,NA,NA,"line",NA,NA,"#99CCFF","#FFFFFF",0,"01100"
"entry5486","2710","hca:HPPC18_02875","gene","http://www.kegg.jp/dbget-bin/www_bget?hca:HPPC18_02875",NA,NA,NA,NA,NA,"line",NA,NA,"#99CCFF","#FFFFFF",0,"01100"
"entry5487","2794","hca:HPPC18_04540","gene","http://www.kegg.jp/dbget-bin/www_bget?hca:HPPC18_04540",NA,"rn:R05389",NA,NA,NA,"line",NA,NA,"#DA8E82","#FFFFFF",0,"01100"
"entry5488","2869","hca:HPPC18_04540","gene","http://www.kegg.jp/dbget-bin/www_bget?hca:HPPC18_04540",NA,"rn:R03966",NA,NA,NA,"line",NA,NA,"#DA8E82","#FFFFFF",0,"01100"
"entry5489","2919","hca:HPPC18_01940","gene","http://www.kegg.jp/dbget-bin/www_bget?hca:HPPC18_01940",NA,"rn:R01226",NA,NA,NA,"line",NA,NA,"#FFB3CC","#FFFFFF",0,"01100"
"entry5490","2921","hca:HPPC18_04240","gene","http://www.kegg.jp/dbget-bin/www_bget?hca:HPPC18_04240",NA,"rn:R03018",NA,NA,NA,"line",NA,NA,"#FFB3CC","#FFFFFF",0,"01100"
"entry5491","2922","hca:HPPC18_04150","gene","http://www.kegg.jp/dbget-bin/www_bget?hca:HPPC18_04150",NA,"rn:R04230 rn:R04231",NA,NA,NA,"line",NA,NA,"#FFB3CC","#FFFFFF",0,"01100"
"entry5492","2923","hca:HPPC18_04105","gene","http://www.kegg.jp/dbget-bin/www_bget?hca:HPPC18_04105",NA,"rn:R00130",NA,NA,NA,"line",NA,NA,"#FFB3CC","#FFFFFF",0,"01100"
"entry5493","2924","hca:HPPC18_04150","gene","http://www.kegg.jp/dbget-bin/www_bget?hca:HPPC18_04150",NA,"rn:R03269",NA,NA,NA,"line",NA,NA,"#FFB3CC","#FFFFFF",0,"01100"
"entry5494","2925","hca:HPPC18_04800","gene","http://www.kegg.jp/dbget-bin/www_bget?hca:HPPC18_04800",NA,"rn:R03231 rn:R10699",NA,NA,NA,"line",NA,NA,"#FFB3CC","#FFFFFF",0,"01100"
"entry5495","2927","hca:HPPC18_05665","gene","http://www.kegg.jp/dbget-bin/www_bget?hca:HPPC18_05665",NA,"rn:R01074",NA,NA,NA,"line",NA,NA,"#FFB3CC","#FFFFFF",0,"01100"
"entry5496","2928","hca:HPPC18_05665","gene","http://www.kegg.jp/dbget-bin/www_bget?hca:HPPC18_05665",NA,"rn:R05145",NA,NA,NA,"line",NA,NA,"#FFB3CC","#FFFFFF",0,"01100"
"entry5497","2929","hca:HPPC18_02910","gene","http://www.kegg.jp/dbget-bin/www_bget?hca:HPPC18_02910",NA,"rn:R03197",NA,NA,NA,"line",NA,NA,"#FFB3CC","#FFFFFF",0,"01100"
"entry5498","2930","hca:HPPC18_03220","gene","http://www.kegg.jp/dbget-bin/www_bget?hca:HPPC18_03220",NA,"rn:R03220 rn:R06895",NA,NA,NA,"line",NA,NA,"#FFB3CC","#FFFFFF",0,"01100"
"entry5499","2932","hca:HPPC18_05125 / hca:HPPC18_05335","gene","http://www.kegg.jp/dbget-bin/www_bget?hca:HPPC18_05125+hca:HPPC18_05335",NA,"rn:R00310",NA,NA,NA,"line",NA,NA,"#FFB3CC","#FFFFFF",0,"01100"
"entry5500","2946","hca:HPPC18_07220","gene","http://www.kegg.jp/dbget-bin/www_bget?hca:HPPC18_07220",NA,"rn:R03035 rn:R03036",NA,NA,NA,"line",NA,NA,"#FFB3CC","#FFFFFF",0,"01100"
"entry5501","2947","hca:HPPC18_01200","gene","http://www.kegg.jp/dbget-bin/www_bget?hca:HPPC18_01200",NA,"rn:R04109",NA,NA,NA,"line",NA,NA,"#FFB3CC","#FFFFFF",0,"01100"
"entry5502","2956","hca:HPPC18_07940","gene","http://www.kegg.jp/dbget-bin/www_bget?hca:HPPC18_07940",NA,"rn:R05681",NA,NA,NA,"line",NA,NA,"#FFB3CC","#FFFFFF",0,"01100"
"entry5503","2958","hca:HPPC18_07935","gene","http://www.kegg.jp/dbget-bin/www_bget?hca:HPPC18_07935",NA,"rn:R05838",NA,NA,NA,"line",NA,NA,"#FFB3CC","#FFFFFF",0,"01100"
"entry5504","2965","hca:HPPC18_03620","gene","http://www.kegg.jp/dbget-bin/www_bget?hca:HPPC18_03620",NA,"rn:R02029",NA,NA,NA,"line",NA,NA,"#80CCB3","#FFFFFF",0,"01100"
"entry5505","2967","hca:HPPC18_02670 / hca:HPPC18_04675 / hca:HPPC18_05360 / hca:HPPC18_05365","gene","http://www.kegg.jp/dbget-bin/www_bget?hca:HPPC18_02670+hca:HPPC18_04675+hca:HPPC18_05360+hca:HPPC18_05365",NA,"rn:R00233 rn:R00353 rn:R00742",NA,NA,NA,"line",NA,NA,"#B3B3E6","#FFFFFF",0,"01100"
"entry5506","2968","hca:HPPC18_04440","gene","http://www.kegg.jp/dbget-bin/www_bget?hca:HPPC18_04440",NA,"rn:R00315 rn:R00317 rn:R00320",NA,NA,NA,"line",NA,NA,"#B3B3E6","#FFFFFF",0,"01100"
"entry5507","2970","hca:HPPC18_03410","gene","http://www.kegg.jp/dbget-bin/www_bget?hca:HPPC18_03410",NA,"rn:R00238",NA,NA,NA,"line",NA,NA,"#80CCCC","#FFFFFF",0,"01100"
"entry5508","2972","hca:HPPC18_04790","gene","http://www.kegg.jp/dbget-bin/www_bget?hca:HPPC18_04790",NA,"rn:R01518",NA,NA,NA,"line",NA,NA,"#6C63F6","#FFFFFF",0,"01100"
"entry5509","2975","hca:HPPC18_07065","gene","http://www.kegg.jp/dbget-bin/www_bget?hca:HPPC18_07065",NA,"rn:R00715 rn:R00716",NA,NA,NA,"line",NA,NA,"#FFCC66","#FFFFFF",0,"01100"
"entry5510","2978","hca:HPPC18_00880","gene","http://www.kegg.jp/dbget-bin/www_bget?hca:HPPC18_00880",NA,"rn:R02568",NA,NA,NA,"line",NA,NA,"#B3B3E6","#FFFFFF",0,"01100"
"entry5511","2983","hca:HPPC18_00500 / hca:HPPC18_02425 / hca:HPPC18_03225","gene","http://www.kegg.jp/dbget-bin/www_bget?hca:HPPC18_00500+hca:HPPC18_02425+hca:HPPC18_03225",NA,"rn:R00465 rn:R00475 rn:R00476 rn:R00717",NA,NA,NA,"line",NA,NA,"#B3B3E6","#FFFFFF",0,"01100"
"entry5512","2989","hca:HPPC18_00780","gene","http://www.kegg.jp/dbget-bin/www_bget?hca:HPPC18_00780",NA,"rn:R00658",NA,NA,NA,"line",NA,NA,"#6C63F6","#FFFFFF",0,"01100"
"entry5513","2992","hca:HPPC18_04515 / hca:HPPC18_06160","gene","http://www.kegg.jp/dbget-bin/www_bget?hca:HPPC18_04515+hca:HPPC18_06160",NA,"rn:R00575",NA,NA,NA,"line",NA,NA,"#FFCC66","#FFFFFF",0,"01100"
"entry5514","3009","hca:HPPC18_05465","gene","http://www.kegg.jp/dbget-bin/www_bget?hca:HPPC18_05465",NA,"rn:R01786 rn:R01788 rn:R02738 rn:R02189 rn:R09085",NA,NA,NA,"line",NA,NA,"#6C63F6","#FFFFFF",0,"01100"
"entry5515","3010","hca:HPPC18_07120","gene","http://www.kegg.jp/dbget-bin/www_bget?hca:HPPC18_07120",NA,"rn:R01827",NA,NA,NA,"line",NA,NA,"#6C63F6","#FFFFFF",0,"01100"
"entry5516","3012","hca:HPPC18_01790","gene","http://www.kegg.jp/dbget-bin/www_bget?hca:HPPC18_01790",NA,"rn:R01830",NA,NA,NA,"line",NA,NA,"#6C63F6","#FFFFFF",0,"01100"
"entry5517","3014","hca:HPPC18_01790","gene","http://www.kegg.jp/dbget-bin/www_bget?hca:HPPC18_01790",NA,"rn:R01641",NA,NA,NA,"line",NA,NA,"#8080F7","#FFFFFF",0,"01100"
"entry5518","3016","hca:HPPC18_02755","gene","http://www.kegg.jp/dbget-bin/www_bget?hca:HPPC18_02755",NA,"rn:R01056",NA,NA,NA,"line",NA,NA,"#6C63F6","#FFFFFF",0,"01100"
"entry5519","3017","hca:HPPC18_06845","gene","http://www.kegg.jp/dbget-bin/www_bget?hca:HPPC18_06845",NA,"rn:R01529",NA,NA,NA,"line",NA,NA,"#6C63F6","#FFFFFF",0,"01100"
"entry5520","3044","hca:HPPC18_03260","gene","http://www.kegg.jp/dbget-bin/www_bget?hca:HPPC18_03260",NA,"rn:R00729 rn:R00734 rn:R09254 rn:R09830",NA,NA,NA,"line",NA,NA,"#FFCC66","#FFFFFF",0,"01100"
"entry5521","3057","hca:HPPC18_00360 / hca:HPPC18_00365","gene","http://www.kegg.jp/dbget-bin/www_bget?hca:HPPC18_00360+hca:HPPC18_00365",NA,"rn:R00131",NA,NA,NA,"line",NA,NA,"#FFCC66","#FFFFFF",0,"01100"
"entry5522","3058","hca:HPPC18_00985","gene","http://www.kegg.jp/dbget-bin/www_bget?hca:HPPC18_00985",NA,"rn:R02330 rn:R02331",NA,NA,NA,"line",NA,NA,"#FF8080","#FFFFFF",0,"01100"
"entry5523","3059","hca:HPPC18_04255","gene","http://www.kegg.jp/dbget-bin/www_bget?hca:HPPC18_04255",NA,"rn:R02100",NA,NA,NA,"line",NA,NA,"#FF8080","#FFFFFF",0,"01100"
"entry5524","3060","hca:HPPC18_07225","gene","http://www.kegg.jp/dbget-bin/www_bget?hca:HPPC18_07225",NA,"rn:R02098",NA,NA,NA,"line",NA,NA,"#FF8080","#FFFFFF",0,"01100"
"entry5525","3061","hca:HPPC18_01670","gene","http://www.kegg.jp/dbget-bin/www_bget?hca:HPPC18_01670",NA,"rn:R04440 rn:R05071 rn:R04439",NA,NA,NA,"line",NA,NA,"#FFCC66","#FFFFFF",0,"01100"
"entry5526","3064","hca:HPPC18_03185 / hca:HPPC18_04100 / hca:HPPC18_04795","gene","http://www.kegg.jp/dbget-bin/www_bget?hca:HPPC18_03185+hca:HPPC18_04100+hca:HPPC18_04795",NA,"rn:R03905",NA,NA,NA,"line",NA,NA,"#FFCC66","#FFFFFF",0,"01100"
"entry5527","3065","hca:HPPC18_02625","gene","http://www.kegg.jp/dbget-bin/www_bget?hca:HPPC18_02625",NA,"rn:R00260",NA,NA,NA,"line",NA,NA,"#FF9900","#FFFFFF",0,"01100"
"entry5528","3081","hca:HPPC18_05450","gene","http://www.kegg.jp/dbget-bin/www_bget?hca:HPPC18_05450",NA,"rn:R02036",NA,NA,NA,"line",NA,NA,"#6C63F6","#FFFFFF",0,"01100"
"entry5529","3082","hca:HPPC18_03650","gene","http://www.kegg.jp/dbget-bin/www_bget?hca:HPPC18_03650",NA,"rn:R01049",NA,NA,NA,"line",NA,NA,"#6C63F6","#FFFFFF",0,"01100"
"entry5530","3083","hca:HPPC18_00620","gene","http://www.kegg.jp/dbget-bin/www_bget?hca:HPPC18_00620",NA,"rn:R00199 rn:R00200 rn:R00206 rn:R02320",NA,NA,NA,"line",NA,NA,"#6C63F6","#FFFFFF",0,"01100"
"entry5531","3084","hca:HPPC18_05800","gene","http://www.kegg.jp/dbget-bin/www_bget?hca:HPPC18_05800",NA,"rn:R03321",NA,NA,NA,"line",NA,NA,"#6C63F6","#FFFFFF",0,"01100"
"entry5532","3085","hca:HPPC18_05800","gene","http://www.kegg.jp/dbget-bin/www_bget?hca:HPPC18_05800",NA,"rn:R02739",NA,NA,NA,"line",NA,NA,"#6C63F6","#FFFFFF",0,"01100"
"entry5700","3912","hca:HPPC18_01155","gene","http://www.kegg.jp/dbget-bin/www_bget?hca:HPPC18_01155",NA,"rn:R03351",NA,NA,NA,"line",NA,NA,"#99CCFF","#FFFFFF",0,"01100"
"entry5701","3913","hca:HPPC18_07875","gene","http://www.kegg.jp/dbget-bin/www_bget?hca:HPPC18_07875",NA,"rn:R03350",NA,NA,NA,"line",NA,NA,"#99CCFF","#FFFFFF",0,"01100"
"entry5702","3914","hca:HPPC18_00015","gene","http://www.kegg.jp/dbget-bin/www_bget?hca:HPPC18_00015",NA,"rn:R03254",NA,NA,NA,"line",NA,NA,"#99CCFF","#FFFFFF",0,"01100"
"entry5736","4038","hca:HPPC18_06365","gene","http://www.kegg.jp/dbget-bin/www_bget?hca:HPPC18_06365",NA,"rn:R00959",NA,NA,NA,"line",NA,NA,"#6C63F6","#FFFFFF",0,"01100"
"entry5739","4044","hca:HPPC18_03260","gene","http://www.kegg.jp/dbget-bin/www_bget?hca:HPPC18_03260",NA,"rn:R00355",NA,NA,NA,"line",NA,NA,"#FFCC66","#FFFFFF",0,"01100"
"entry5740","4046","hca:HPPC18_03260 / hca:HPPC18_05310","gene","http://www.kegg.jp/dbget-bin/www_bget?hca:HPPC18_03260+hca:HPPC18_05310",NA,"rn:R00093 rn:R00114 rn:R00243 rn:R00248",NA,NA,NA,"line",NA,NA,"#FFCC66","#FFFFFF",0,"01100"
"entry5743","4061","hca:HPPC18_03210","gene","http://www.kegg.jp/dbget-bin/www_bget?hca:HPPC18_03210",NA,"rn:R01714",NA,NA,NA,"line",NA,NA,"#FFCC66","#FFFFFF",0,"01100"
"entry5747","4068","hca:HPPC18_00550","gene","http://www.kegg.jp/dbget-bin/www_bget?hca:HPPC18_00550",NA,"rn:R00782",NA,NA,NA,"line",NA,NA,"#FFCC66","#FFFFFF",0,"01100"
"entry5750","4073","hca:HPPC18_00965","gene","http://www.kegg.jp/dbget-bin/www_bget?hca:HPPC18_00965",NA,"rn:R01015",NA,NA,NA,"line",NA,NA,"#6C63F6","#FFFFFF",0,"01100"
"entry5752","4095","hca:HPPC18_06800","gene","http://www.kegg.jp/dbget-bin/www_bget?hca:HPPC18_06800",NA,"rn:R05000",NA,NA,NA,"line",NA,NA,"#FFB3CC","#FFFFFF",0,"01100"
"entry5753","4097","hca:HPPC18_05225 / hca:HPPC18_07215","gene","http://www.kegg.jp/dbget-bin/www_bget?hca:HPPC18_05225+hca:HPPC18_07215",NA,"rn:R04985",NA,NA,NA,"line",NA,NA,"#FFB3CC","#FFFFFF",0,"01100"
"entry5754","4103","hca:HPPC18_07180","gene","http://www.kegg.jp/dbget-bin/www_bget?hca:HPPC18_07180",NA,"rn:R08774",NA,NA,NA,"line",NA,NA,"#FFB3CC","#FFFFFF",0,"01100"
"entry5763","4158","hca:HPPC18_05800","gene","http://www.kegg.jp/dbget-bin/www_bget?hca:HPPC18_05800",NA,"rn:R02740",NA,NA,NA,"line",NA,NA,"#6C63F6","#FFFFFF",0,"01100"
"entry5764","4161","hca:HPPC18_06060","gene","http://www.kegg.jp/dbget-bin/www_bget?hca:HPPC18_06060",NA,"rn:R04144",NA,NA,NA,"line",NA,NA,"#FF8080","#FFFFFF",0,"01100"
"entry5771","4256","hca:HPPC18_00550","gene","http://www.kegg.jp/dbget-bin/www_bget?hca:HPPC18_00550",NA,"rn:R01286 rn:R01290 rn:R10305",NA,NA,NA,"line",NA,NA,"#FFCC66","#FFFFFF",0,"01100"
"entry5775","4331","hca:HPPC18_00555","gene","http://www.kegg.jp/dbget-bin/www_bget?hca:HPPC18_00555",NA,"rn:R00897",NA,NA,NA,"line",NA,NA,"#FFCC66","#FFFFFF",0,"01100"
"entry5777","4355","hca:HPPC18_03855","gene","http://www.kegg.jp/dbget-bin/www_bget?hca:HPPC18_03855",NA,"rn:R01325",NA,NA,NA,"line",NA,NA,"#6C63F6","#FFFFFF",0,"01100"
"entry5778","4356","hca:HPPC18_00120","gene","http://www.kegg.jp/dbget-bin/www_bget?hca:HPPC18_00120",NA,"rn:R01899",NA,NA,NA,"line",NA,NA,"#6C63F6","#FFFFFF",0,"01100"
"entry5779","4357","hca:HPPC18_00445","gene","http://www.kegg.jp/dbget-bin/www_bget?hca:HPPC18_00445",NA,"rn:R00342 rn:R00361",NA,NA,NA,"line",NA,NA,"#6C63F6","#FFFFFF",0,"01100"
"entry5780","4358","hca:HPPC18_00120","gene","http://www.kegg.jp/dbget-bin/www_bget?hca:HPPC18_00120",NA,"rn:R00267 rn:R00709",NA,NA,NA,"line",NA,NA,"#6C63F6","#FFFFFF",0,"01100"
"entry5781","4359","hca:HPPC18_03855","gene","http://www.kegg.jp/dbget-bin/www_bget?hca:HPPC18_03855",NA,"rn:R01900",NA,NA,NA,"line",NA,NA,"#6C63F6","#FFFFFF",0,"01100"
"entry5783","4361","hca:HPPC18_00120","gene","http://www.kegg.jp/dbget-bin/www_bget?hca:HPPC18_00120",NA,"rn:R00268",NA,NA,NA,"line",NA,NA,"#6C63F6","#FFFFFF",0,"01100"
"entry5786","4365","hca:HPPC18_02830 / hca:HPPC18_02835 / hca:HPPC18_02840 / hca:HPPC18_02845","gene","http://www.kegg.jp/dbget-bin/www_bget?hca:HPPC18_02830+hca:HPPC18_02835+hca:HPPC18_02840+hca:HPPC18_02845",NA,"rn:R08549 rn:R01197",NA,NA,NA,"line",NA,NA,"#6C63F6","#FFFFFF",0,"01100"
"entry5787","4366","hca:HPPC18_06625","gene","http://www.kegg.jp/dbget-bin/www_bget?hca:HPPC18_06625",NA,"rn:R01082",NA,NA,NA,"line",NA,NA,"#6C63F6","#FFFFFF",0,"01100"
"entry5791","4377","hca:HPPC18_06840","gene","http://www.kegg.jp/dbget-bin/www_bget?hca:HPPC18_06840",NA,"rn:R04779 rn:R04780 rn:R09084 rn:R02073",NA,NA,NA,"line",NA,NA,"#6C63F6","#FFFFFF",0,"01100"
"entry5793","4482","hca:HPPC18_00665","gene","http://www.kegg.jp/dbget-bin/www_bget?hca:HPPC18_00665",NA,"rn:R00220",NA,NA,NA,"line",NA,NA,"#FFCC66","#FFFFFF",0,"01100"
"entry5794","4483","hca:HPPC18_06895","gene","http://www.kegg.jp/dbget-bin/www_bget?hca:HPPC18_06895",NA,"rn:R00258 rn:R00369 rn:R00396 rn:R00400",NA,NA,NA,"line",NA,NA,"#FFCC66","#FFFFFF",0,"01100"
"entry5804","4544","hca:HPPC18_02675","gene","http://www.kegg.jp/dbget-bin/www_bget?hca:HPPC18_02675",NA,"rn:R10119",NA,NA,NA,"line",NA,NA,"#FFB3CC","#FFFFFF",0,"01100"
"entry5806","4547","hca:HPPC18_00970","gene","http://www.kegg.jp/dbget-bin/www_bget?hca:HPPC18_00970",NA,"rn:R10118",NA,NA,NA,"line",NA,NA,"#FFB3CC","#FFFFFF",0,"01100"
"entry5807","4548","hca:HPPC18_07645","gene","http://www.kegg.jp/dbget-bin/www_bget?hca:HPPC18_07645",NA,"rn:R10117",NA,NA,NA,"line",NA,NA,"#FFB3CC","#FFFFFF",0,"01100"
"entry5808","4549","hca:HPPC18_02685","gene","http://www.kegg.jp/dbget-bin/www_bget?hca:HPPC18_02685",NA,"rn:R10116",NA,NA,NA,"line",NA,NA,"#FFB3CC","#FFFFFF",0,"01100"
"entry5809","4550","hca:HPPC18_02675","gene","http://www.kegg.jp/dbget-bin/www_bget?hca:HPPC18_02675",NA,"rn:R10115",NA,NA,NA,"line",NA,NA,"#FFB3CC","#FFFFFF",0,"01100"
"entry5814","4557","hca:HPPC18_06260","gene","http://www.kegg.jp/dbget-bin/www_bget?hca:HPPC18_06260",NA,"rn:R09543",NA,NA,NA,"line",NA,NA,"#FFB3CC","#FFFFFF",0,"01100"
"entry5822","4618","hca:HPPC18_03015","gene","http://www.kegg.jp/dbget-bin/www_bget?hca:HPPC18_03015",NA,"rn:R04365",NA,NA,NA,"line",NA,NA,"#FFCC66","#FFFFFF",0,"01100"
"entry5823","4620","hca:HPPC18_01055","gene","http://www.kegg.jp/dbget-bin/www_bget?hca:HPPC18_01055",NA,"rn:R02734",NA,NA,NA,"line",NA,NA,"#FFCC66","#FFFFFF",0,"01100"
"entry5838","4756","hca:HPPC18_05860","gene","http://www.kegg.jp/dbget-bin/www_bget?hca:HPPC18_05860",NA,"rn:R02294",NA,NA,NA,"line",NA,NA,"#FFB3CC","#FFFFFF",0,"01100"
"entry5839","4758","hca:HPPC18_06685","gene","http://www.kegg.jp/dbget-bin/www_bget?hca:HPPC18_06685",NA,"rn:R00103 rn:R00137",NA,NA,NA,"line",NA,NA,"#FFB3CC","#FFFFFF",0,"01100"
"entry5840","4760","hca:HPPC18_05860","gene","http://www.kegg.jp/dbget-bin/www_bget?hca:HPPC18_05860",NA,"rn:R02295",NA,NA,NA,"line",NA,NA,"#FFB3CC","#FFFFFF",0,"01100"
"entry5849","4801","hca:HPPC18_01450","gene","http://www.kegg.jp/dbget-bin/www_bget?hca:HPPC18_01450",NA,"rn:R00451",NA,NA,NA,"line",NA,NA,"#FFCC66","#FFFFFF",0,"01100"
"entry5852","4811","hca:HPPC18_00255","gene","http://www.kegg.jp/dbget-bin/www_bget?hca:HPPC18_00255",NA,"rn:R00707 rn:R00708",NA,NA,NA,"line",NA,NA,"#FFCC66","#FFFFFF",0,"01100"
"entry5869","5118","hca:HPPC18_04265","gene","http://www.kegg.jp/dbget-bin/www_bget?hca:HPPC18_04265",NA,"rn:R04606",NA,NA,NA,"line",NA,NA,"#99CCFF","#FFFFFF",0,"01100"
"entry5872","5192","hca:HPPC18_02910","gene","http://www.kegg.jp/dbget-bin/www_bget?hca:HPPC18_02910",NA,"rn:R04972",NA,NA,NA,"line",NA,NA,"#FFB3CC","#FFFFFF",0,"01100"
"entry5873","5193","hca:HPPC18_00820","gene","http://www.kegg.jp/dbget-bin/www_bget?hca:HPPC18_00820",NA,"rn:R00036",NA,NA,NA,"line",NA,NA,"#FFB3CC","#FFFFFF",0,"01100"
"entry5875","5195","hca:HPPC18_01190","gene","http://www.kegg.jp/dbget-bin/www_bget?hca:HPPC18_01190",NA,"rn:R00084",NA,NA,NA,"line",NA,NA,"#FFB3CC","#FFFFFF",0,"01100"
"entry5884","5243","hca:HPPC18_07180","gene","http://www.kegg.jp/dbget-bin/www_bget?hca:HPPC18_07180",NA,"rn:R09736",NA,NA,NA,"line",NA,NA,"#FFB3CC","#FFFFFF",0,"01100"
"entry5893","5325","hca:HPPC18_04580","gene","http://www.kegg.jp/dbget-bin/www_bget?hca:HPPC18_04580",NA,"rn:R04286",NA,NA,NA,"line",NA,NA,"#FFB3CC","#FFFFFF",0,"01100"
"entry5894","5340","hca:HPPC18_03805","gene","http://www.kegg.jp/dbget-bin/www_bget?hca:HPPC18_03805",NA,"rn:R11581",NA,NA,NA,"line",NA,NA,"#FFB3CC","#FFFFFF",0,"01100"
"entry5896","5345","hca:HPPC18_03940","gene","http://www.kegg.jp/dbget-bin/www_bget?hca:HPPC18_03940",NA,"rn:R11372",NA,NA,NA,"line",NA,NA,"#FFB3CC","#FFFFFF",0,"01100"
"entry5897","5346","hca:HPPC18_00010","gene","http://www.kegg.jp/dbget-bin/www_bget?hca:HPPC18_00010",NA,"rn:R04457",NA,NA,NA,"line",NA,NA,"#FFB3CC","#FFFFFF",0,"01100"
"entry5898","5349","hca:HPPC18_04570","gene","http://www.kegg.jp/dbget-bin/www_bget?hca:HPPC18_04570",NA,"rn:R01227 rn:R01228",NA,NA,NA,"line",NA,NA,"#FF8080","#FFFFFF",0,"01100"
"entry5899","5350","hca:HPPC18_05860","gene","http://www.kegg.jp/dbget-bin/www_bget?hca:HPPC18_05860",NA,"rn:R01677 rn:R02147",NA,NA,NA,"line",NA,NA,"#FF8080","#FFFFFF",0,"01100"
"entry5900","5352","hca:HPPC18_04560 / hca:HPPC18_04725","gene","http://www.kegg.jp/dbget-bin/www_bget?hca:HPPC18_04560+hca:HPPC18_04725",NA,"rn:R00428",NA,NA,NA,"line",NA,NA,"#FFB3CC","#FFFFFF",0,"01100"
"entry5901","5353","hca:HPPC18_03960 / hca:HPPC18_03970","gene","http://www.kegg.jp/dbget-bin/www_bget?hca:HPPC18_03960+hca:HPPC18_03970",NA,"rn:R00425",NA,NA,NA,"line",NA,NA,"#FFB3CC","#FFFFFF",0,"01100"
"entry5902","5354","hca:HPPC18_05860","gene","http://www.kegg.jp/dbget-bin/www_bget?hca:HPPC18_05860",NA,"rn:R02557",NA,NA,NA,"line",NA,NA,"#FF8080","#FFFFFF",0,"01100"
"entry5903","5359","hca:HPPC18_03610","gene","http://www.kegg.jp/dbget-bin/www_bget?hca:HPPC18_03610",NA,"rn:R02142",NA,NA,NA,"line",NA,NA,"#FF8080","#FFFFFF",0,"01100"
"entry5904","5360","hca:HPPC18_05860","gene","http://www.kegg.jp/dbget-bin/www_bget?hca:HPPC18_05860",NA,"rn:R01245 rn:R01561",NA,NA,NA,"line",NA,NA,"#FF8080","#FFFFFF",0,"01100"
"entry5905","5362","hca:HPPC18_03320 / hca:HPPC18_05395","gene","http://www.kegg.jp/dbget-bin/www_bget?hca:HPPC18_03320+hca:HPPC18_05395",NA,"rn:R02017",NA,NA,NA,"line",NA,NA,"#FF8080","#FFFFFF",0,"01100"
"entry5906","5367","hca:HPPC18_04570","gene","http://www.kegg.jp/dbget-bin/www_bget?hca:HPPC18_04570",NA,"rn:R01126 rn:R01131",NA,NA,NA,"line",NA,NA,"#FF8080","#FFFFFF",0,"01100"
"entry5907","5368","hca:HPPC18_05860","gene","http://www.kegg.jp/dbget-bin/www_bget?hca:HPPC18_05860",NA,"rn:R01770 rn:R01863",NA,NA,NA,"line",NA,NA,"#FF8080","#FFFFFF",0,"01100"
"entry5908","5370","hca:HPPC18_01275","gene","http://www.kegg.jp/dbget-bin/www_bget?hca:HPPC18_01275",NA,"rn:R01135",NA,NA,NA,"line",NA,NA,"#FF8080","#FFFFFF",0,"01100"
"entry5909","5371","hca:HPPC18_05515","gene","http://www.kegg.jp/dbget-bin/www_bget?hca:HPPC18_05515",NA,"rn:R01083",NA,NA,NA,"line",NA,NA,"#FF8080","#FFFFFF",0,"01100"
"entry5910","5372","hca:HPPC18_04570","gene","http://www.kegg.jp/dbget-bin/www_bget?hca:HPPC18_04570",NA,"rn:R00183 rn:R00185",NA,NA,NA,"line",NA,NA,"#FF8080","#FFFFFF",0,"01100"
"entry5911","5373","hca:HPPC18_02745","gene","http://www.kegg.jp/dbget-bin/www_bget?hca:HPPC18_02745",NA,"rn:R00182 rn:R00190",NA,NA,NA,"line",NA,NA,"#FF8080","#FFFFFF",0,"01100"
"entry5912","5374","hca:HPPC18_02960","gene","http://www.kegg.jp/dbget-bin/www_bget?hca:HPPC18_02960",NA,"rn:R00122 rn:R00127",NA,NA,NA,"line",NA,NA,"#FF8080","#FFFFFF",0,"01100"
"entry5913","5375","hca:HPPC18_04570","gene","http://www.kegg.jp/dbget-bin/www_bget?hca:HPPC18_04570",NA,"rn:R02719",NA,NA,NA,"line",NA,NA,"#FF8080","#FFFFFF",0,"01100"
"entry5914","5376","hca:HPPC18_05860","gene","http://www.kegg.jp/dbget-bin/www_bget?hca:HPPC18_05860",NA,"rn:R02143 rn:R02297",NA,NA,NA,"line",NA,NA,"#FF8080","#FFFFFF",0,"01100"
"entry5915","5377","hca:HPPC18_03320 / hca:HPPC18_05395","gene","http://www.kegg.jp/dbget-bin/www_bget?hca:HPPC18_03320+hca:HPPC18_05395",NA,"rn:R02019",NA,NA,NA,"line",NA,NA,"#FF8080","#FFFFFF",0,"01100"
"entry5916","5386","hca:HPPC18_06130","gene","http://www.kegg.jp/dbget-bin/www_bget?hca:HPPC18_06130",NA,"rn:R03067",NA,NA,NA,"line",NA,NA,"#FFB3CC","#FFFFFF",0,"01100"
"entry5917","5388","hca:HPPC18_07075","gene","http://www.kegg.jp/dbget-bin/www_bget?hca:HPPC18_07075",NA,"rn:R03459",NA,NA,NA,"line",NA,NA,"#FFB3CC","#FFFFFF",0,"01100"
"entry5918","5389","hca:HPPC18_07075","gene","http://www.kegg.jp/dbget-bin/www_bget?hca:HPPC18_07075",NA,"rn:R03458",NA,NA,NA,"line",NA,NA,"#FFB3CC","#FFFFFF",0,"01100"
"entry5919","5391","hca:HPPC18_07895","gene","http://www.kegg.jp/dbget-bin/www_bget?hca:HPPC18_07895",NA,"rn:R00066",NA,NA,NA,"line",NA,NA,"#FFB3CC","#FFFFFF",0,"01100"
"entry5920","5392","hca:HPPC18_01795","gene","http://www.kegg.jp/dbget-bin/www_bget?hca:HPPC18_01795",NA,"rn:R00548 rn:R00549 rn:R00550 rn:R08574",NA,NA,NA,"line",NA,NA,"#FFB3CC","#FFFFFF",0,"01100"
"entry5921","5393","hca:HPPC18_01795","gene","http://www.kegg.jp/dbget-bin/www_bget?hca:HPPC18_01795",NA,"rn:R00160 rn:R00161",NA,NA,NA,"line",NA,NA,"#FFB3CC","#FFFFFF",0,"01100"
"entry5922","5394","hca:HPPC18_04560 / hca:HPPC18_04725","gene","http://www.kegg.jp/dbget-bin/www_bget?hca:HPPC18_04560+hca:HPPC18_04725",NA,"rn:R05046",NA,NA,NA,"line",NA,NA,"#FFB3CC","#FFFFFF",0,"01100"
"entry5923","5395","hca:HPPC18_04560 / hca:HPPC18_04725","gene","http://www.kegg.jp/dbget-bin/www_bget?hca:HPPC18_04560+hca:HPPC18_04725",NA,"rn:R05048",NA,NA,NA,"line",NA,NA,"#FFB3CC","#FFFFFF",0,"01100"
"entry5924","5396","hca:HPPC18_04560 / hca:HPPC18_04725","gene","http://www.kegg.jp/dbget-bin/www_bget?hca:HPPC18_04560+hca:HPPC18_04725",NA,"rn:R04639",NA,NA,NA,"line",NA,NA,"#FFB3CC","#FFFFFF",0,"01100"
"entry5925","5398","hca:HPPC18_07050","gene","http://www.kegg.jp/dbget-bin/www_bget?hca:HPPC18_07050",NA,"rn:R03504",NA,NA,NA,"line",NA,NA,"#FFB3CC","#FFFFFF",0,"01100"
"entry5926","5399","hca:HPPC18_02045","gene","http://www.kegg.jp/dbget-bin/www_bget?hca:HPPC18_02045",NA,"rn:R03503",NA,NA,NA,"line",NA,NA,"#FFB3CC","#FFFFFF",0,"01100"
"entry5927","5400","hca:HPPC18_07755","gene","http://www.kegg.jp/dbget-bin/www_bget?hca:HPPC18_07755",NA,"rn:R02237",NA,NA,NA,"line",NA,NA,"#FFB3CC","#FFFFFF",0,"01100"
"entry5928","5404","hca:HPPC18_06130","gene","http://www.kegg.jp/dbget-bin/www_bget?hca:HPPC18_06130",NA,"rn:R03066",NA,NA,NA,"line",NA,NA,"#FFB3CC","#FFFFFF",0,"01100"
"entry5929","5411","hca:HPPC18_00915 / hca:HPPC18_06950","gene","http://www.kegg.jp/dbget-bin/www_bget?hca:HPPC18_00915+hca:HPPC18_06950",NA,"rn:R00945 rn:R01669 rn:R01225 rn:R04125 rn:R06613",NA,NA,NA,"line",NA,NA,"#FFB3CC","#FFFFFF",0,"01100"
"entry5930","5413","hca:HPPC18_02770","gene","http://www.kegg.jp/dbget-bin/www_bget?hca:HPPC18_02770",NA,"rn:R01655",NA,NA,NA,"line",NA,NA,"#FFB3CC","#FFFFFF",0,"01100"
"entry5931","5414","hca:HPPC18_02770","gene","http://www.kegg.jp/dbget-bin/www_bget?hca:HPPC18_02770",NA,"rn:R01218 rn:R01220",NA,NA,NA,"line",NA,NA,"#FFB3CC","#FFFFFF",0,"01100"
"entry5932","5415","hca:HPPC18_02960","gene","http://www.kegg.jp/dbget-bin/www_bget?hca:HPPC18_02960",NA,"rn:R01547",NA,NA,NA,"line",NA,NA,"#FF8080","#FFFFFF",0,"01100"
"entry5933","5416","hca:HPPC18_05860","gene","http://www.kegg.jp/dbget-bin/www_bget?hca:HPPC18_05860",NA,"rn:R02748",NA,NA,NA,"line",NA,NA,"#FF8080","#FFFFFF",0,"01100"
"entry5934","5417","hca:HPPC18_01620","gene","http://www.kegg.jp/dbget-bin/www_bget?hca:HPPC18_01620",NA,"rn:R02090",NA,NA,NA,"line",NA,NA,"#FF8080","#FFFFFF",0,"01100"
"entry5935","5418","hca:HPPC18_04570","gene","http://www.kegg.jp/dbget-bin/www_bget?hca:HPPC18_04570",NA,"rn:R01967 rn:R01968",NA,NA,NA,"line",NA,NA,"#FF8080","#FFFFFF",0,"01100"
"entry5983","5497","hca:HPPC18_04585","gene","http://www.kegg.jp/dbget-bin/www_bget?hca:HPPC18_04585",NA,"rn:R10002",NA,NA,NA,"line",NA,NA,"#FFB3CC","#FFFFFF",0,"01100"
"entry5984","5498","hca:HPPC18_03080","gene","http://www.kegg.jp/dbget-bin/www_bget?hca:HPPC18_03080",NA,"rn:R09978",NA,NA,NA,"line",NA,NA,"#FFB3CC","#FFFFFF",0,"01100"
"entry5985","5499","hca:HPPC18_07550","gene","http://www.kegg.jp/dbget-bin/www_bget?hca:HPPC18_07550",NA,"rn:R07605",NA,NA,NA,"line",NA,NA,"#FFB3CC","#FFFFFF",0,"01100"
"entry5990","5506","hca:HPPC18_03950","gene","http://www.kegg.jp/dbget-bin/www_bget?hca:HPPC18_03950",NA,"rn:R09395",NA,NA,NA,"line",NA,NA,"#FFB3CC","#FFFFFF",0,"01100"
"entry5991","5507","hca:HPPC18_03945","gene","http://www.kegg.jp/dbget-bin/www_bget?hca:HPPC18_03945",NA,"rn:R09726",NA,NA,NA,"line",NA,NA,"#FFB3CC","#FFFFFF",0,"01100"
"entry5992","5508","hca:HPPC18_00860","gene","http://www.kegg.jp/dbget-bin/www_bget?hca:HPPC18_00860",NA,"rn:R09735",NA,NA,NA,"line",NA,NA,"#FFB3CC","#FFFFFF",0,"01100"
"entry5999","5541","hca:HPPC18_00375","gene","http://www.kegg.jp/dbget-bin/www_bget?hca:HPPC18_00375",NA,"rn:R02060",NA,NA,NA,"line",NA,NA,"#B3B3E6","#FFFFFF",0,"01100"
"entry6009","5575","hca:HPPC18_05455","gene","http://www.kegg.jp/dbget-bin/www_bget?hca:HPPC18_05455",NA,"rn:R02736 rn:R10907",NA,NA,NA,"line",NA,NA,"#6C63F6","#FFFFFF",0,"01100"
"entry6013","5633","hca:HPPC18_00950 / hca:HPPC18_00955 / hca:HPPC18_00960","gene","http://www.kegg.jp/dbget-bin/www_bget?hca:HPPC18_00950+hca:HPPC18_00955+hca:HPPC18_00960",NA,"rn:R02164 rn:R00402 rn:R10660",NA,NA,NA,"line",NA,NA,"#6C63F6","#FFFFFF",0,"01100"
"entry6026","5689","hca:HPPC18_04525 / hca:HPPC18_06730","gene","http://www.kegg.jp/dbget-bin/www_bget?hca:HPPC18_04525+hca:HPPC18_06730",NA,"rn:R01061 rn:R01063",NA,NA,NA,"line",NA,NA,"#6C63F6","#FFFFFF",0,"01100"
"entry6038","5781","hca:HPPC18_01390","gene","http://www.kegg.jp/dbget-bin/www_bget?hca:HPPC18_01390",NA,"rn:R03409",NA,NA,NA,"line",NA,NA,"#FF8080","#FFFFFF",0,"01100"
"entry6056","5866","hca:HPPC18_02715","gene","http://www.kegg.jp/dbget-bin/www_bget?hca:HPPC18_02715",NA,"rn:R02735",NA,NA,NA,"line",NA,NA,"#FFCC66","#FFFFFF",0,"01100"
"entry6064","5906","hca:HPPC18_03825","gene","http://www.kegg.jp/dbget-bin/www_bget?hca:HPPC18_03825",NA,"rn:R00025 rn:R10388 rn:R10389",NA,NA,NA,"line",NA,NA,"#CC99FF","#FFFFFF",0,"01100"
"entry6067","5924","hca:HPPC18_06165","gene","http://www.kegg.jp/dbget-bin/www_bget?hca:HPPC18_06165",NA,"rn:R00524",NA,NA,NA,"line",NA,NA,"#CC99FF","#FFFFFF",0,"01100"
"entry6080","5984","hca:HPPC18_03735","gene","http://www.kegg.jp/dbget-bin/www_bget?hca:HPPC18_03735",NA,"rn:R01152",NA,NA,NA,"line",NA,NA,"#FFCC66","#FFFFFF",0,"01100"
"entry6083","6000","hca:HPPC18_05760","gene","http://www.kegg.jp/dbget-bin/www_bget?hca:HPPC18_05760",NA,"rn:R03291 rn:R03293 rn:R03295",NA,NA,NA,"line",NA,NA,"#FFCC66","#FFFFFF",0,"01100"
"entry6084","6001","hca:HPPC18_00255 / hca:HPPC18_05760","gene","http://www.kegg.jp/dbget-bin/www_bget?hca:HPPC18_00255+hca:HPPC18_05760",NA,"rn:R01248 rn:R01251 rn:R01253 rn:R10507",NA,NA,NA,"line",NA,NA,"#FFCC66","#FFFFFF",0,"01100"
"entry6102","6111","hca:HPPC18_01480","gene","http://www.kegg.jp/dbget-bin/www_bget?hca:HPPC18_01480",NA,"rn:R03096",NA,NA,NA,"line",NA,NA,"#FFCC66","#FFFFFF",0,"01100"
"entry6108","6148","hca:HPPC18_05925","gene","http://www.kegg.jp/dbget-bin/www_bget?hca:HPPC18_05925",NA,"rn:R02291",NA,NA,NA,"line",NA,NA,"#FFCC66","#FFFFFF",0,"01100"
"entry6124","6235","hca:HPPC18_00115","gene","http://www.kegg.jp/dbget-bin/www_bget?hca:HPPC18_00115",NA,"rn:R00351 rn:R00352",NA,NA,NA,"line",NA,NA,"#6C63F6","#FFFFFF",0,"01100"
"entry6140","6726","hca:HPPC18_04630","gene","http://www.kegg.jp/dbget-bin/www_bget?hca:HPPC18_04630",NA,"rn:R00401",NA,NA,NA,"line",NA,NA,"#FF9900","#FFFFFF",0,"01100"
"entry6143","6741","hca:HPPC18_01400","gene","http://www.kegg.jp/dbget-bin/www_bget?hca:HPPC18_01400",NA,"rn:R12193",NA,NA,NA,"line",NA,NA,"#99CCFF","#FFFFFF",0,"01100"
"entry6146","6786","hca:HPPC18_06290 / hca:HPPC18_06295 / hca:HPPC18_06300 / hca:HPPC18_06305 / hca:HPPC18_06310 / hca:HPPC18_06315 / hca:HPPC18_06320 / hca:HPPC18_06325 / hca:HPPC18_06330 / hca:HPPC18_06335 / hca:HPPC18_06340 / hca:HPPC18_06345 / hca:HPPC18_06350 / hca:HPPC18_06355","gene","http://www.kegg.jp/dbget-bin/www_bget?hca:HPPC18_06290+hca:HPPC18_06295+hca:HPPC18_06300+hca:HPPC18_06305+hca:HPPC18_06310+hca:HPPC18_06315+hca:HPPC18_06320+hca:HPPC18_06325+hca:HPPC18_06330+hca:HPPC18_06335+hca:HPPC18_06340+hca:HPPC18_06345+hca:HPPC18_06350+hca:HPPC18_06355",NA,NA,NA,NA,NA,"line",NA,NA,"#CC99FF","#FFFFFF",0,"01100"
"entry6147","6793","hca:HPPC18_00725 / hca:HPPC18_00730 / hca:HPPC18_00735 / hca:HPPC18_00740","gene","http://www.kegg.jp/dbget-bin/www_bget?hca:HPPC18_00725+hca:HPPC18_00730+hca:HPPC18_00735+hca:HPPC18_00740",NA,NA,NA,NA,NA,"line",NA,NA,"#CC99FF","#FFFFFF",0,"01100"
"entry6148","6813","hca:HPPC18_04090 / hca:HPPC18_05620 / hca:HPPC18_05625 / hca:HPPC18_05630 / hca:HPPC18_05635 / hca:HPPC18_05640 / hca:HPPC18_05645 / hca:HPPC18_05650 / hca:HPPC18_06035","gene","http://www.kegg.jp/dbget-bin/www_bget?hca:HPPC18_04090+hca:HPPC18_05620+hca:HPPC18_05625+hca:HPPC18_05630+hca:HPPC18_05635+hca:HPPC18_05640+hca:HPPC18_05645+hca:HPPC18_05650+hca:HPPC18_06035",NA,NA,NA,NA,NA,"line",NA,NA,"#CC99FF","#FFFFFF",0,"01100"
"entry6149","6820","hca:HPPC18_04090 / hca:HPPC18_05620 / hca:HPPC18_05625 / hca:HPPC18_05630 / hca:HPPC18_05635 / hca:HPPC18_05640 / hca:HPPC18_05645 / hca:HPPC18_05650 / hca:HPPC18_06035","gene","http://www.kegg.jp/dbget-bin/www_bget?hca:HPPC18_04090+hca:HPPC18_05620+hca:HPPC18_05625+hca:HPPC18_05630+hca:HPPC18_05635+hca:HPPC18_05640+hca:HPPC18_05645+hca:HPPC18_05650+hca:HPPC18_06035",NA,NA,NA,NA,NA,"line",NA,NA,"#CC99FF","#FFFFFF",0,"01100"
"entry6150","6822","hca:HPPC18_07780 / hca:HPPC18_07785 / hca:HPPC18_07790","gene","http://www.kegg.jp/dbget-bin/www_bget?hca:HPPC18_07780+hca:HPPC18_07785+hca:HPPC18_07790",NA,NA,NA,NA,NA,"line",NA,NA,"#CC99FF","#FFFFFF",0,"01100"
"entry6151","6832","hca:HPPC18_05170","gene","http://www.kegg.jp/dbget-bin/www_bget?hca:HPPC18_05170",NA,"rn:R05623 rn:R02560",NA,NA,NA,"line",NA,NA,"#CC99FF","#FFFFFF",0,"01100"
