"","entryID","name","type","link","component","reaction","map","x","y","graphicalType","width","height","fgcolor","bgcolor","freq","pathway"
"entry1798","15","mtn:ERDMAN_1404 / mtn:ERDMAN_2495","gene","http://www.kegg.jp/dbget-bin/www_bget?mtn:ERDMAN_1404+mtn:ERDMAN_2495",NA,"rn:R00475",NA,NA,NA,"line",NA,NA,"#B3B3E6","#FFFFFF",0,"01110"
"entry1799","17","mtn:ERDMAN_0187 / mtn:ERDMAN_0843 / mtn:ERDMAN_1706 / mtn:ERDMAN_2053","gene","http://www.kegg.jp/dbget-bin/www_bget?mtn:ERDMAN_0187+mtn:ERDMAN_0843+mtn:ERDMAN_1706+mtn:ERDMAN_2053",NA,"rn:R00746 rn:R00754 rn:R05198 rn:R09127 rn:R09479",NA,NA,NA,"line",NA,NA,"#8080F7","#FFFFFF",0,"01110"
"entry1800","67","mtn:ERDMAN_3122","gene","http://www.kegg.jp/dbget-bin/www_bget?mtn:ERDMAN_3122",NA,"rn:R02864",NA,NA,NA,"line",NA,NA,"#FFB3CC","#FFFFFF",0,"01110"
"entry1801","138","mtn:ERDMAN_0090 / mtn:ERDMAN_2509","gene","http://www.kegg.jp/dbget-bin/www_bget?mtn:ERDMAN_0090+mtn:ERDMAN_2509",NA,"rn:R01286",NA,NA,NA,"line",NA,NA,"#FFCC66","#FFFFFF",0,"01110"
"entry1802","145","mtn:ERDMAN_2940","gene","http://www.kegg.jp/dbget-bin/www_bget?mtn:ERDMAN_2940",NA,"rn:R04972",NA,NA,NA,"line",NA,NA,"#FFB3CC","#FFFFFF",0,"01110"
"entry1803","148","mtn:ERDMAN_2594","gene","http://www.kegg.jp/dbget-bin/www_bget?mtn:ERDMAN_2594",NA,"rn:R09244",NA,NA,NA,"line",NA,NA,"#9EE284","#FFFFFF",0,"01110"
"entry1804","149","mtn:ERDMAN_1212","gene","http://www.kegg.jp/dbget-bin/www_bget?mtn:ERDMAN_1212",NA,"rn:R08528",NA,NA,NA,"line",NA,NA,"#9EE284","#FFFFFF",0,"01110"
"entry1805","161","mtn:ERDMAN_2939","gene","http://www.kegg.jp/dbget-bin/www_bget?mtn:ERDMAN_2939",NA,"rn:R04178",NA,NA,NA,"line",NA,NA,"#FFB3CC","#FFFFFF",0,"01110"
"entry1806","162","mtn:ERDMAN_1653","gene","http://www.kegg.jp/dbget-bin/www_bget?mtn:ERDMAN_1653",NA,"rn:R11329",NA,NA,NA,"line",NA,NA,"#FFB3CC","#FFFFFF",0,"01110"
"entry1807","191","mtn:ERDMAN_1739","gene","http://www.kegg.jp/dbget-bin/www_bget?mtn:ERDMAN_1739",NA,"rn:R01824",NA,NA,NA,"line",NA,NA,"#B3B3E6","#FFFFFF",0,"01110"
"entry1808","192","mtn:ERDMAN_1738","gene","http://www.kegg.jp/dbget-bin/www_bget?mtn:ERDMAN_1738",NA,"rn:R11256",NA,NA,NA,"line",NA,NA,"#B3B3E6","#FFFFFF",0,"01110"
"entry1809","193","mtn:ERDMAN_1740","gene","http://www.kegg.jp/dbget-bin/www_bget?mtn:ERDMAN_1740",NA,"rn:R11261",NA,NA,NA,"line",NA,NA,"#B3B3E6","#FFFFFF",0,"01110"
"entry1810","230","mtn:ERDMAN_0211","gene","http://www.kegg.jp/dbget-bin/www_bget?mtn:ERDMAN_0211",NA,"rn:R02985",NA,NA,NA,"line",NA,NA,"#FF9900","#FFFFFF",0,"01110"
"entry1811","231","mtn:ERDMAN_1358","gene","http://www.kegg.jp/dbget-bin/www_bget?mtn:ERDMAN_1358",NA,"rn:R00948 rn:R00951",NA,NA,NA,"line",NA,NA,"#B3B3E6","#FFFFFF",0,"01110"
"entry1812","233","mtn:ERDMAN_1486 / mtn:ERDMAN_3317","gene","http://www.kegg.jp/dbget-bin/www_bget?mtn:ERDMAN_1486+mtn:ERDMAN_3317",NA,"rn:R02110",NA,NA,NA,"line",NA,NA,"#B3B3E6","#FFFFFF",0,"01110"
"entry1813","234","mtn:ERDMAN_1488 / mtn:ERDMAN_1971","gene","http://www.kegg.jp/dbget-bin/www_bget?mtn:ERDMAN_1488+mtn:ERDMAN_1971",NA,"rn:R02111",NA,NA,NA,"line",NA,NA,"#B3B3E6","#FFFFFF",0,"01110"
"entry1814","235","mtn:ERDMAN_1574 / mtn:ERDMAN_2137","gene","http://www.kegg.jp/dbget-bin/www_bget?mtn:ERDMAN_1574+mtn:ERDMAN_2137",NA,"rn:R07281",NA,NA,NA,"line",NA,NA,"#FFB3CC","#FFFFFF",0,"01110"
"entry1815","236","mtn:ERDMAN_1574 / mtn:ERDMAN_2137","gene","http://www.kegg.jp/dbget-bin/www_bget?mtn:ERDMAN_1574+mtn:ERDMAN_2137",NA,"rn:R00425",NA,NA,NA,"line",NA,NA,"#FFB3CC","#FFFFFF",0,"01110"
"entry1816","237","mtn:ERDMAN_1568","gene","http://www.kegg.jp/dbget-bin/www_bget?mtn:ERDMAN_1568",NA,"rn:R03459",NA,NA,NA,"line",NA,NA,"#FFB3CC","#FFFFFF",0,"01110"
"entry1817","238","mtn:ERDMAN_1568","gene","http://www.kegg.jp/dbget-bin/www_bget?mtn:ERDMAN_1568",NA,"rn:R03458",NA,NA,NA,"line",NA,NA,"#FFB3CC","#FFFFFF",0,"01110"
"entry1818","240","mtn:ERDMAN_1575","gene","http://www.kegg.jp/dbget-bin/www_bget?mtn:ERDMAN_1575",NA,"rn:R04457",NA,NA,NA,"line",NA,NA,"#FFB3CC","#FFFFFF",0,"01110"
"entry1819","242","mtn:ERDMAN_1571","gene","http://www.kegg.jp/dbget-bin/www_bget?mtn:ERDMAN_1571",NA,"rn:R00066",NA,NA,NA,"line",NA,NA,"#FFB3CC","#FFFFFF",0,"01110"
"entry1820","243","mtn:ERDMAN_3052","gene","http://www.kegg.jp/dbget-bin/www_bget?mtn:ERDMAN_3052",NA,"rn:R00549",NA,NA,NA,"line",NA,NA,"#FFB3CC","#FFFFFF",0,"01110"
"entry1821","244","mtn:ERDMAN_3052","gene","http://www.kegg.jp/dbget-bin/www_bget?mtn:ERDMAN_3052",NA,"rn:R00161",NA,NA,NA,"line",NA,NA,"#FFB3CC","#FFFFFF",0,"01110"
"entry1822","245","mtn:ERDMAN_3569","gene","http://www.kegg.jp/dbget-bin/www_bget?mtn:ERDMAN_3569",NA,"rn:R01819",NA,NA,NA,"line",NA,NA,"#B3B3E6","#FFFFFF",0,"01110"
"entry1823","246","mtn:ERDMAN_3571 / mtn:ERDMAN_3624","gene","http://www.kegg.jp/dbget-bin/www_bget?mtn:ERDMAN_3571+mtn:ERDMAN_3624",NA,"rn:R01818",NA,NA,NA,"line",NA,NA,"#B3B3E6","#FFFFFF",0,"01110"
"entry1824","247","mtn:ERDMAN_3580","gene","http://www.kegg.jp/dbget-bin/www_bget?mtn:ERDMAN_3580",NA,"rn:R00885",NA,NA,NA,"line",NA,NA,"#B3B3E6","#FFFFFF",0,"01110"
"entry1825","255","mtn:ERDMAN_2561","gene","http://www.kegg.jp/dbget-bin/www_bget?mtn:ERDMAN_2561",NA,"rn:R00586",NA,NA,NA,"line",NA,NA,"#FFCC66","#FFFFFF",0,"01110"
"entry1826","256","mtn:ERDMAN_2560 / mtn:ERDMAN_4034","gene","http://www.kegg.jp/dbget-bin/www_bget?mtn:ERDMAN_2560+mtn:ERDMAN_4034",NA,"rn:R00897",NA,NA,NA,"line",NA,NA,"#FFCC66","#FFFFFF",0,"01110"
"entry1827","257","mtn:ERDMAN_1449","gene","http://www.kegg.jp/dbget-bin/www_bget?mtn:ERDMAN_1449",NA,"rn:R01771",NA,NA,NA,"line",NA,NA,"#FFCC66","#FFFFFF",0,"01110"
"entry1828","258","mtn:ERDMAN_1447","gene","http://www.kegg.jp/dbget-bin/www_bget?mtn:ERDMAN_1447",NA,"rn:R01466",NA,NA,NA,"line",NA,NA,"#FFCC66","#FFFFFF",0,"01110"
"entry1829","259","mtn:ERDMAN_0512 / mtn:ERDMAN_2108","gene","http://www.kegg.jp/dbget-bin/www_bget?mtn:ERDMAN_0512+mtn:ERDMAN_2108",NA,"rn:R00479",NA,NA,NA,"line",NA,NA,"#B3B3E6","#FFFFFF",0,"01110"
"entry1830","260","mtn:ERDMAN_2026","gene","http://www.kegg.jp/dbget-bin/www_bget?mtn:ERDMAN_2026",NA,"rn:R00472",NA,NA,NA,"line",NA,NA,"#B3B3E6","#FFFFFF",0,"01110"
"entry1831","275","mtn:ERDMAN_3056","gene","http://www.kegg.jp/dbget-bin/www_bget?mtn:ERDMAN_3056",NA,"rn:R07891",NA,NA,NA,"line",NA,NA,"#80CCB3","#FFFFFF",0,"01110"
"entry1832","278","mtn:ERDMAN_3056","gene","http://www.kegg.jp/dbget-bin/www_bget?mtn:ERDMAN_3056",NA,"rn:R07895",NA,NA,NA,"line",NA,NA,"#80CCB3","#FFFFFF",0,"01110"
"entry1833","281","mtn:ERDMAN_3056","gene","http://www.kegg.jp/dbget-bin/www_bget?mtn:ERDMAN_3056",NA,"rn:R07899",NA,NA,NA,"line",NA,NA,"#80CCB3","#FFFFFF",0,"01110"
"entry1834","296","mtn:ERDMAN_0617 / mtn:ERDMAN_2474 / mtn:ERDMAN_3268 / mtn:ERDMAN_3618","gene","http://www.kegg.jp/dbget-bin/www_bget?mtn:ERDMAN_0617+mtn:ERDMAN_2474+mtn:ERDMAN_3268+mtn:ERDMAN_3618",NA,"rn:R00842 rn:R00844 rn:R00846 rn:R00848",NA,NA,NA,"line",NA,NA,"#80CCB3","#FFFFFF",0,"01110"
"entry1835","299","mtn:ERDMAN_0615 / mtn:ERDMAN_1100","gene","http://www.kegg.jp/dbget-bin/www_bget?mtn:ERDMAN_0615+mtn:ERDMAN_1100",NA,"rn:R09247",NA,NA,NA,"line",NA,NA,"#9EE284","#FFFFFF",0,"01110"
"entry1836","300","mtn:ERDMAN_1616","gene","http://www.kegg.jp/dbget-bin/www_bget?mtn:ERDMAN_1616",NA,"rn:R07411",NA,NA,NA,"line",NA,NA,"#FFB3CC","#FFFFFF",0,"01110"
"entry1837","301","mtn:ERDMAN_1243 / mtn:ERDMAN_3701","gene","http://www.kegg.jp/dbget-bin/www_bget?mtn:ERDMAN_1243+mtn:ERDMAN_3701",NA,"rn:R05884",NA,NA,NA,"line",NA,NA,"#9EE284","#FFFFFF",0,"01110"
"entry1838","333","mtn:ERDMAN_2670","gene","http://www.kegg.jp/dbget-bin/www_bget?mtn:ERDMAN_2670",NA,"rn:R03313",NA,NA,NA,"line",NA,NA,"#F06292","#FFFFFF",0,"01110"
"entry1839","366","mtn:ERDMAN_0606","gene","http://www.kegg.jp/dbget-bin/www_bget?mtn:ERDMAN_0606",NA,"rn:R04031",NA,NA,NA,"line",NA,NA,"#FFB3CC","#FFFFFF",0,"01110"
"entry1840","415","mtn:ERDMAN_0507 / mtn:ERDMAN_0879 / mtn:ERDMAN_2016 / mtn:ERDMAN_2021 / mtn:ERDMAN_2429 / mtn:ERDMAN_3619","gene","http://www.kegg.jp/dbget-bin/www_bget?mtn:ERDMAN_0507+mtn:ERDMAN_0879+mtn:ERDMAN_2016+mtn:ERDMAN_2021+mtn:ERDMAN_2429+mtn:ERDMAN_3619",NA,"rn:R01221",NA,NA,NA,"line",NA,NA,"#B3B3E6","#FFFFFF",0,"01110"
"entry1841","419","mtn:ERDMAN_4064","gene","http://www.kegg.jp/dbget-bin/www_bget?mtn:ERDMAN_4064",NA,"rn:R01213",NA,NA,NA,"line",NA,NA,"#FFCC66","#FFFFFF",0,"01110"
"entry1842","431","mtn:ERDMAN_2428","gene","http://www.kegg.jp/dbget-bin/www_bget?mtn:ERDMAN_2428",NA,"rn:R02199",NA,NA,NA,"line",NA,NA,"#F06292","#FFFFFF",0,"01110"
"entry1843","432","mtn:ERDMAN_2428","gene","http://www.kegg.jp/dbget-bin/www_bget?mtn:ERDMAN_2428",NA,"rn:R01214",NA,NA,NA,"line",NA,NA,"#F06292","#FFFFFF",0,"01110"
"entry1844","447","mtn:ERDMAN_3759 / mtn:ERDMAN_3948","gene","http://www.kegg.jp/dbget-bin/www_bget?mtn:ERDMAN_3759+mtn:ERDMAN_3948",NA,"rn:R00489",NA,NA,NA,"line",NA,NA,"#FFB3CC","#FFFFFF",0,"01110"
"entry1845","448","mtn:ERDMAN_2445","gene","http://www.kegg.jp/dbget-bin/www_bget?mtn:ERDMAN_2445",NA,"rn:R01226",NA,NA,NA,"line",NA,NA,"#FFB3CC","#FFFFFF",0,"01110"
"entry1846","454","mtn:ERDMAN_4014","gene","http://www.kegg.jp/dbget-bin/www_bget?mtn:ERDMAN_4014",NA,"rn:R00235",NA,NA,NA,"line",NA,NA,"#8080F7","#FFFFFF",0,"01110"
"entry1847","455","mtn:ERDMAN_2988","gene","http://www.kegg.jp/dbget-bin/www_bget?mtn:ERDMAN_2988",NA,"rn:R01122",NA,NA,NA,"line",NA,NA,"#9EE284","#FFFFFF",0,"01110"
"entry1848","456","mtn:ERDMAN_1826","gene","http://www.kegg.jp/dbget-bin/www_bget?mtn:ERDMAN_1826",NA,"rn:R01086",NA,NA,NA,"line",NA,NA,"#FFCC66","#FFFFFF",0,"01110"
"entry1849","461","mtn:ERDMAN_2337","gene","http://www.kegg.jp/dbget-bin/www_bget?mtn:ERDMAN_2337",NA,"rn:R01071",NA,NA,NA,"line",NA,NA,"#FFCC66","#FFFFFF",0,"01110"
"entry1850","462","mtn:ERDMAN_2338","gene","http://www.kegg.jp/dbget-bin/www_bget?mtn:ERDMAN_2338",NA,"rn:R04035",NA,NA,NA,"line",NA,NA,"#FFCC66","#FFFFFF",0,"01110"
"entry1851","463","mtn:ERDMAN_1766","gene","http://www.kegg.jp/dbget-bin/www_bget?mtn:ERDMAN_1766",NA,"rn:R04037",NA,NA,NA,"line",NA,NA,"#FFCC66","#FFFFFF",0,"01110"
"entry1852","464","mtn:ERDMAN_1763","gene","http://www.kegg.jp/dbget-bin/www_bget?mtn:ERDMAN_1763",NA,"rn:R04640",NA,NA,NA,"line",NA,NA,"#FFCC66","#FFFFFF",0,"01110"
"entry1853","465","mtn:ERDMAN_1762 / mtn:ERDMAN_1765","gene","http://www.kegg.jp/dbget-bin/www_bget?mtn:ERDMAN_1762+mtn:ERDMAN_1765",NA,"rn:R04558",NA,NA,NA,"line",NA,NA,"#FFCC66","#FFFFFF",0,"01110"
"entry1854","466","mtn:ERDMAN_1761","gene","http://www.kegg.jp/dbget-bin/www_bget?mtn:ERDMAN_1761",NA,"rn:R03457",NA,NA,NA,"line",NA,NA,"#FFCC66","#FFFFFF",0,"01110"
"entry1855","467","mtn:ERDMAN_1760 / mtn:ERDMAN_2452 / mtn:ERDMAN_4137","gene","http://www.kegg.jp/dbget-bin/www_bget?mtn:ERDMAN_1760+mtn:ERDMAN_2452+mtn:ERDMAN_4137",NA,"rn:R03243",NA,NA,NA,"line",NA,NA,"#FFCC66","#FFFFFF",0,"01110"
"entry1856","468","mtn:ERDMAN_3437","gene","http://www.kegg.jp/dbget-bin/www_bget?mtn:ERDMAN_3437",NA,"rn:R03013",NA,NA,NA,"line",NA,NA,"#FFCC66","#FFFFFF",0,"01110"
"entry1857","469","mtn:ERDMAN_1759","gene","http://www.kegg.jp/dbget-bin/www_bget?mtn:ERDMAN_1759",NA,"rn:R03012",NA,NA,NA,"line",NA,NA,"#FFCC66","#FFFFFF",0,"01110"
"entry1858","470","mtn:ERDMAN_1759","gene","http://www.kegg.jp/dbget-bin/www_bget?mtn:ERDMAN_1759",NA,"rn:R01163",NA,NA,NA,"line",NA,NA,"#FFCC66","#FFFFFF",0,"01110"
"entry1859","497","mtn:ERDMAN_3056","gene","http://www.kegg.jp/dbget-bin/www_bget?mtn:ERDMAN_3056",NA,"rn:R00927",NA,NA,NA,"line",NA,NA,"#FFCC66","#FFFFFF",0,"01110"
"entry1860","498","mtn:ERDMAN_2428","gene","http://www.kegg.jp/dbget-bin/www_bget?mtn:ERDMAN_2428",NA,"rn:R02196 rn:R02199",NA,NA,NA,"line",NA,NA,"#FFCC66","#FFFFFF",0,"01110"
"entry1861","499","mtn:ERDMAN_0507 / mtn:ERDMAN_0879 / mtn:ERDMAN_3619","gene","http://www.kegg.jp/dbget-bin/www_bget?mtn:ERDMAN_0507+mtn:ERDMAN_0879+mtn:ERDMAN_3619",NA,"rn:R04225 rn:R03174 rn:R07618",NA,NA,NA,"line",NA,NA,"#FFCC66","#FFFFFF",0,"01110"
"entry1862","500","mtn:ERDMAN_0153 / mtn:ERDMAN_0178 / mtn:ERDMAN_0259 / mtn:ERDMAN_1082 / mtn:ERDMAN_3440","gene","http://www.kegg.jp/dbget-bin/www_bget?mtn:ERDMAN_0153+mtn:ERDMAN_0178+mtn:ERDMAN_0259+mtn:ERDMAN_1082+mtn:ERDMAN_3440",NA,"rn:R03172",NA,NA,NA,"line",NA,NA,"#FFCC66","#FFFFFF",0,"01110"
"entry1863","501","mtn:ERDMAN_0249 / mtn:ERDMAN_0501 / mtn:ERDMAN_0696 / mtn:ERDMAN_0744 / mtn:ERDMAN_0746 / mtn:ERDMAN_0952 / mtn:ERDMAN_1000 / mtn:ERDMAN_1078 / mtn:ERDMAN_1194 / mtn:ERDMAN_1195 / mtn:ERDMAN_1278 / mtn:ERDMAN_1279 / mtn:ERDMAN_1639 / mtn:ERDMAN_2132 / mtn:ERDMAN_2733 / mtn:ERDMAN_2941 / mtn:ERDMAN_3104 / mtn:ERDMAN_3326 / mtn:ERDMAN_3695 / mtn:ERDMAN_3855 / mtn:ERDMAN_3895 / mtn:ERDMAN_4139","gene","http://www.kegg.jp/dbget-bin/www_bget?mtn:ERDMAN_0249+mtn:ERDMAN_0501+mtn:ERDMAN_0696+mtn:ERDMAN_0744+mtn:ERDMAN_0746+mtn:ERDMAN_0952+mtn:ERDMAN_1000+mtn:ERDMAN_1078+mtn:ERDMAN_1194+mtn:ERDMAN_1195+mtn:ERDMAN_1278+mtn:ERDMAN_1279+mtn:ERDMAN_1639+mtn:ERDMAN_2132+mtn:ERDMAN_2733+mtn:ERDMAN_2941+mtn:ERDMAN_3104+mtn:ERDMAN_3326+mtn:ERDMAN_3695+mtn:ERDMAN_3855+mtn:ERDMAN_3895+mtn:ERDMAN_4139",NA,"rn:R04204",NA,NA,NA,"line",NA,NA,"#FFCC66","#FFFFFF",0,"01110"
"entry1864","502","mtn:ERDMAN_0952","gene","http://www.kegg.jp/dbget-bin/www_bget?mtn:ERDMAN_0952",NA,"rn:R04203",NA,NA,NA,"line",NA,NA,"#FFCC66","#FFFFFF",0,"01110"
"entry1865","509","mtn:ERDMAN_2621","gene","http://www.kegg.jp/dbget-bin/www_bget?mtn:ERDMAN_2621",NA,"rn:R06602",NA,NA,NA,"line",NA,NA,"#9EE284","#FFFFFF",0,"01110"
"entry1866","516","mtn:ERDMAN_0082 / mtn:ERDMAN_1735","gene","http://www.kegg.jp/dbget-bin/www_bget?mtn:ERDMAN_0082+mtn:ERDMAN_1735",NA,"rn:R00220",NA,NA,NA,"line",NA,NA,"#FFCC66","#FFFFFF",0,"01110"
"entry1867","517","mtn:ERDMAN_0083 / mtn:ERDMAN_1225","gene","http://www.kegg.jp/dbget-bin/www_bget?mtn:ERDMAN_0083+mtn:ERDMAN_1225",NA,"rn:R00945",NA,NA,NA,"line",NA,NA,"#FFCC66","#FFFFFF",0,"01110"
"entry1868","519","mtn:ERDMAN_1735","gene","http://www.kegg.jp/dbget-bin/www_bget?mtn:ERDMAN_1735",NA,"rn:R00996",NA,NA,NA,"line",NA,NA,"#FFCC66","#FFFFFF",0,"01110"
"entry1869","520","mtn:ERDMAN_3290","gene","http://www.kegg.jp/dbget-bin/www_bget?mtn:ERDMAN_3290",NA,"rn:R05069",NA,NA,NA,"line",NA,NA,"#FFCC66","#FFFFFF",0,"01110"
"entry1870","521","mtn:ERDMAN_3290","gene","http://www.kegg.jp/dbget-bin/www_bget?mtn:ERDMAN_3290",NA,"rn:R05068",NA,NA,NA,"line",NA,NA,"#FFCC66","#FFFFFF",0,"01110"
"entry1871","522","mtn:ERDMAN_0214","gene","http://www.kegg.jp/dbget-bin/www_bget?mtn:ERDMAN_0214",NA,"rn:R05070",NA,NA,NA,"line",NA,NA,"#FFCC66","#FFFFFF",0,"01110"
"entry1872","523","mtn:ERDMAN_3273 / mtn:ERDMAN_3274","gene","http://www.kegg.jp/dbget-bin/www_bget?mtn:ERDMAN_3273+mtn:ERDMAN_3274",NA,"rn:R03968",NA,NA,NA,"line",NA,NA,"#FFCC66","#FFFFFF",0,"01110"
"entry1873","524","mtn:ERDMAN_3273 / mtn:ERDMAN_3274","gene","http://www.kegg.jp/dbget-bin/www_bget?mtn:ERDMAN_3273+mtn:ERDMAN_3274",NA,"rn:R04001",NA,NA,NA,"line",NA,NA,"#FFCC66","#FFFFFF",0,"01110"
"entry1874","525","mtn:ERDMAN_2010 / mtn:ERDMAN_3291 / mtn:ERDMAN_3292 / mtn:ERDMAN_3811 / mtn:ERDMAN_3851","gene","http://www.kegg.jp/dbget-bin/www_bget?mtn:ERDMAN_2010+mtn:ERDMAN_3291+mtn:ERDMAN_3292+mtn:ERDMAN_3811+mtn:ERDMAN_3851",NA,"rn:R00226",NA,NA,NA,"line",NA,NA,"#FFCC66","#FFFFFF",0,"01110"
"entry1875","526","mtn:ERDMAN_3290","gene","http://www.kegg.jp/dbget-bin/www_bget?mtn:ERDMAN_3290",NA,"rn:R05071",NA,NA,NA,"line",NA,NA,"#FFCC66","#FFFFFF",0,"01110"
"entry1876","527","mtn:ERDMAN_3290","gene","http://www.kegg.jp/dbget-bin/www_bget?mtn:ERDMAN_3290",NA,"rn:R04440",NA,NA,NA,"line",NA,NA,"#FFCC66","#FFFFFF",0,"01110"
"entry1877","528","mtn:ERDMAN_0214","gene","http://www.kegg.jp/dbget-bin/www_bget?mtn:ERDMAN_0214",NA,"rn:R04441",NA,NA,NA,"line",NA,NA,"#FFCC66","#FFFFFF",0,"01110"
"entry1878","535","mtn:ERDMAN_1822","gene","http://www.kegg.jp/dbget-bin/www_bget?mtn:ERDMAN_1822",NA,"rn:R02283",NA,NA,NA,"line",NA,NA,"#FFCC66","#FFFFFF",0,"01110"
"entry1879","536","mtn:ERDMAN_1819","gene","http://www.kegg.jp/dbget-bin/www_bget?mtn:ERDMAN_1819",NA,"rn:R03443",NA,NA,NA,"line",NA,NA,"#FFCC66","#FFFFFF",0,"01110"
"entry1880","537","mtn:ERDMAN_1821","gene","http://www.kegg.jp/dbget-bin/www_bget?mtn:ERDMAN_1821",NA,"rn:R02649",NA,NA,NA,"line",NA,NA,"#FFCC66","#FFFFFF",0,"01110"
"entry1881","538","mtn:ERDMAN_0471 / mtn:ERDMAN_1820 / mtn:ERDMAN_3012","gene","http://www.kegg.jp/dbget-bin/www_bget?mtn:ERDMAN_0471+mtn:ERDMAN_1820+mtn:ERDMAN_3012",NA,"rn:R00259",NA,NA,NA,"line",NA,NA,"#FFCC66","#FFFFFF",0,"01110"
"entry1882","539","mtn:ERDMAN_4232 / mtn:ERDMAN_4233","gene","http://www.kegg.jp/dbget-bin/www_bget?mtn:ERDMAN_4232+mtn:ERDMAN_4233",NA,"rn:R00093 rn:R00114",NA,NA,NA,"line",NA,NA,"#FFCC66","#FFFFFF",0,"01110"
"entry1883","543","mtn:ERDMAN_2543 / mtn:ERDMAN_2544","gene","http://www.kegg.jp/dbget-bin/www_bget?mtn:ERDMAN_2543+mtn:ERDMAN_2544",NA,"rn:R00667",NA,NA,NA,"line",NA,NA,"#FFCC66","#FFFFFF",0,"01110"
"entry1884","545","mtn:ERDMAN_0547 / mtn:ERDMAN_1330","gene","http://www.kegg.jp/dbget-bin/www_bget?mtn:ERDMAN_0547+mtn:ERDMAN_1330",NA,"rn:R01248 rn:R01251 rn:R01253 rn:R10507",NA,NA,NA,"line",NA,NA,"#FFCC66","#FFFFFF",0,"01110"
"entry1885","547","mtn:ERDMAN_3659","gene","http://www.kegg.jp/dbget-bin/www_bget?mtn:ERDMAN_3659",NA,"rn:R01777",NA,NA,NA,"line",NA,NA,"#FFCC66","#FFFFFF",0,"01110"
"entry1886","548","mtn:ERDMAN_1204","gene","http://www.kegg.jp/dbget-bin/www_bget?mtn:ERDMAN_1204",NA,"rn:R03260",NA,NA,NA,"line",NA,NA,"#FFCC66","#FFFFFF",0,"01110"
"entry1887","549","mtn:ERDMAN_1269 / mtn:ERDMAN_2340 / mtn:ERDMAN_2705","gene","http://www.kegg.jp/dbget-bin/www_bget?mtn:ERDMAN_1269+mtn:ERDMAN_2340+mtn:ERDMAN_2705",NA,"rn:R00650 rn:R00946 rn:R04405",NA,NA,NA,"line",NA,NA,"#FFCC66","#FFFFFF",0,"01110"
"entry1888","560","mtn:ERDMAN_0984 / mtn:ERDMAN_0991 / mtn:ERDMAN_1267","gene","http://www.kegg.jp/dbget-bin/www_bget?mtn:ERDMAN_0984+mtn:ERDMAN_0991+mtn:ERDMAN_1267",NA,"rn:R00351 rn:R00352",NA,NA,NA,"line",NA,NA,"#8080F7","#FFFFFF",0,"01110"
"entry1889","562","mtn:ERDMAN_1643","gene","http://www.kegg.jp/dbget-bin/www_bget?mtn:ERDMAN_1643",NA,"rn:R01900",NA,NA,NA,"line",NA,NA,"#8080F7","#FFFFFF",0,"01110"
"entry1890","564","mtn:ERDMAN_0276 / mtn:ERDMAN_0277 / mtn:ERDMAN_1728 / mtn:ERDMAN_1729 / mtn:ERDMAN_1730 / mtn:ERDMAN_1731 / mtn:ERDMAN_3634 / mtn:ERDMAN_3635 / mtn:ERDMAN_3636 / mtn:ERDMAN_3637","gene","http://www.kegg.jp/dbget-bin/www_bget?mtn:ERDMAN_0276+mtn:ERDMAN_0277+mtn:ERDMAN_1728+mtn:ERDMAN_1729+mtn:ERDMAN_1730+mtn:ERDMAN_1731+mtn:ERDMAN_3634+mtn:ERDMAN_3635+mtn:ERDMAN_3636+mtn:ERDMAN_3637",NA,"rn:R02164",NA,NA,NA,"line",NA,NA,"#8080F7","#FFFFFF",0,"01110"
"entry1891","565","mtn:ERDMAN_1053 / mtn:ERDMAN_1054","gene","http://www.kegg.jp/dbget-bin/www_bget?mtn:ERDMAN_1053+mtn:ERDMAN_1054",NA,"rn:R00405 rn:R00432 rn:R00727 rn:R10343",NA,NA,NA,"line",NA,NA,"#8080F7","#FFFFFF",0,"01110"
"entry1892","566","mtn:ERDMAN_0507 / mtn:ERDMAN_0879 / mtn:ERDMAN_2433 / mtn:ERDMAN_3619","gene","http://www.kegg.jp/dbget-bin/www_bget?mtn:ERDMAN_0507+mtn:ERDMAN_0879+mtn:ERDMAN_2433+mtn:ERDMAN_3619",NA,"rn:R08549",NA,NA,NA,"line",NA,NA,"#8080F7","#FFFFFF",0,"01110"
"entry1893","567","mtn:ERDMAN_1230","gene","http://www.kegg.jp/dbget-bin/www_bget?mtn:ERDMAN_1230",NA,"rn:R01082",NA,NA,NA,"line",NA,NA,"#8080F7","#FFFFFF",0,"01110"
"entry1894","568","mtn:ERDMAN_0079 / mtn:ERDMAN_3656","gene","http://www.kegg.jp/dbget-bin/www_bget?mtn:ERDMAN_0079+mtn:ERDMAN_3656",NA,"rn:R01899",NA,NA,NA,"line",NA,NA,"#8080F7","#FFFFFF",0,"01110"
"entry1895","569","mtn:ERDMAN_0079 / mtn:ERDMAN_3656","gene","http://www.kegg.jp/dbget-bin/www_bget?mtn:ERDMAN_0079+mtn:ERDMAN_3656",NA,"rn:R00268",NA,NA,NA,"line",NA,NA,"#8080F7","#FFFFFF",0,"01110"
"entry1896","570","mtn:ERDMAN_0507 / mtn:ERDMAN_0879 / mtn:ERDMAN_0934 / mtn:ERDMAN_2466 / mtn:ERDMAN_2700 / mtn:ERDMAN_2701 / mtn:ERDMAN_2745 / mtn:ERDMAN_2746 / mtn:ERDMAN_2747 / mtn:ERDMAN_3619","gene","http://www.kegg.jp/dbget-bin/www_bget?mtn:ERDMAN_0507+mtn:ERDMAN_0879+mtn:ERDMAN_0934+mtn:ERDMAN_2466+mtn:ERDMAN_2700+mtn:ERDMAN_2701+mtn:ERDMAN_2745+mtn:ERDMAN_2746+mtn:ERDMAN_2747+mtn:ERDMAN_3619",NA,"rn:R00209 rn:R01196",NA,NA,NA,"line",NA,NA,"#8080F7","#FFFFFF",0,"01110"
"entry1897","571","mtn:ERDMAN_1778","gene","http://www.kegg.jp/dbget-bin/www_bget?mtn:ERDMAN_1778",NA,"rn:R00200",NA,NA,NA,"line",NA,NA,"#8080F7","#FFFFFF",0,"01110"
"entry1898","572","mtn:ERDMAN_1139","gene","http://www.kegg.jp/dbget-bin/www_bget?mtn:ERDMAN_1139",NA,"rn:R00658",NA,NA,NA,"line",NA,NA,"#8080F7","#FFFFFF",0,"01110"
"entry1899","574","mtn:ERDMAN_0169 / mtn:ERDMAN_0250 / mtn:ERDMAN_0503 / mtn:ERDMAN_0850 / mtn:ERDMAN_3609","gene","http://www.kegg.jp/dbget-bin/www_bget?mtn:ERDMAN_0169+mtn:ERDMAN_0250+mtn:ERDMAN_0503+mtn:ERDMAN_0850+mtn:ERDMAN_3609",NA,"rn:R00710 rn:R00711",NA,NA,NA,"line",NA,NA,"#8080F7","#FFFFFF",0,"01110"
"entry1900","575","mtn:ERDMAN_0238","gene","http://www.kegg.jp/dbget-bin/www_bget?mtn:ERDMAN_0238",NA,"rn:R00341 rn:R00431 rn:R00726",NA,NA,NA,"line",NA,NA,"#8080F7","#FFFFFF",0,"01110"
"entry1901","576","mtn:ERDMAN_0535","gene","http://www.kegg.jp/dbget-bin/www_bget?mtn:ERDMAN_0535",NA,"rn:R01518",NA,NA,NA,"line",NA,NA,"#8080F7","#FFFFFF",0,"01110"
"entry1902","577","mtn:ERDMAN_1595","gene","http://www.kegg.jp/dbget-bin/www_bget?mtn:ERDMAN_1595",NA,"rn:R01512",NA,NA,NA,"line",NA,NA,"#8080F7","#FFFFFF",0,"01110"
"entry1903","578","mtn:ERDMAN_1594","gene","http://www.kegg.jp/dbget-bin/www_bget?mtn:ERDMAN_1594",NA,"rn:R01061 rn:R01063",NA,NA,NA,"line",NA,NA,"#8080F7","#FFFFFF",0,"01110"
"entry1904","579","mtn:ERDMAN_0403","gene","http://www.kegg.jp/dbget-bin/www_bget?mtn:ERDMAN_0403",NA,"rn:R01070",NA,NA,NA,"line",NA,NA,"#8080F7","#FFFFFF",0,"01110"
"entry1905","581","mtn:ERDMAN_1231 / mtn:ERDMAN_2241 / mtn:ERDMAN_3299","gene","http://www.kegg.jp/dbget-bin/www_bget?mtn:ERDMAN_1231+mtn:ERDMAN_2241+mtn:ERDMAN_3299",NA,"rn:R02073 rn:R04779 rn:R04780 rn:R09084",NA,NA,NA,"line",NA,NA,"#8080F7","#FFFFFF",0,"01110"
"entry1906","582","mtn:ERDMAN_1047","gene","http://www.kegg.jp/dbget-bin/www_bget?mtn:ERDMAN_1047",NA,"rn:R02740",NA,NA,NA,"line",NA,NA,"#8080F7","#FFFFFF",0,"01110"
"entry1907","583","mtn:ERDMAN_1047","gene","http://www.kegg.jp/dbget-bin/www_bget?mtn:ERDMAN_1047",NA,"rn:R02739",NA,NA,NA,"line",NA,NA,"#8080F7","#FFFFFF",0,"01110"
"entry1908","584","mtn:ERDMAN_1255 / mtn:ERDMAN_1609","gene","http://www.kegg.jp/dbget-bin/www_bget?mtn:ERDMAN_1255+mtn:ERDMAN_1609",NA,"rn:R02736 rn:R10907",NA,NA,NA,"line",NA,NA,"#8080F7","#FFFFFF",0,"01110"
"entry1909","585","mtn:ERDMAN_1607","gene","http://www.kegg.jp/dbget-bin/www_bget?mtn:ERDMAN_1607",NA,"rn:R02035",NA,NA,NA,"line",NA,NA,"#8080F7","#FFFFFF",0,"01110"
"entry1910","586","mtn:ERDMAN_1256 / mtn:ERDMAN_2033","gene","http://www.kegg.jp/dbget-bin/www_bget?mtn:ERDMAN_1256+mtn:ERDMAN_2033",NA,"rn:R01528 rn:R10221",NA,NA,NA,"line",NA,NA,"#8080F7","#FFFFFF",0,"01110"
"entry1911","587","mtn:ERDMAN_1567","gene","http://www.kegg.jp/dbget-bin/www_bget?mtn:ERDMAN_1567",NA,"rn:R01529",NA,NA,NA,"line",NA,NA,"#8080F7","#FFFFFF",0,"01110"
"entry1912","588","mtn:ERDMAN_1612","gene","http://www.kegg.jp/dbget-bin/www_bget?mtn:ERDMAN_1612",NA,"rn:R01830",NA,NA,NA,"line",NA,NA,"#8080F7","#FFFFFF",0,"01110"
"entry1913","590","mtn:ERDMAN_1047","gene","http://www.kegg.jp/dbget-bin/www_bget?mtn:ERDMAN_1047",NA,"rn:R03321",NA,NA,NA,"line",NA,NA,"#8080F7","#FFFFFF",0,"01110"
"entry1914","591","mtn:ERDMAN_1610","gene","http://www.kegg.jp/dbget-bin/www_bget?mtn:ERDMAN_1610",NA,"rn:R01827",NA,NA,NA,"line",NA,NA,"#8080F7","#FFFFFF",0,"01110"
"entry1915","593","mtn:ERDMAN_1612","gene","http://www.kegg.jp/dbget-bin/www_bget?mtn:ERDMAN_1612",NA,"rn:R01641",NA,NA,NA,"line",NA,NA,"#8080F7","#FFFFFF",0,"01110"
"entry1916","595","mtn:ERDMAN_2713","gene","http://www.kegg.jp/dbget-bin/www_bget?mtn:ERDMAN_2713",NA,"rn:R01056",NA,NA,NA,"line",NA,NA,"#8080F7","#FFFFFF",0,"01110"
"entry1917","596","mtn:ERDMAN_1131","gene","http://www.kegg.jp/dbget-bin/www_bget?mtn:ERDMAN_1131",NA,"rn:R01049",NA,NA,NA,"line",NA,NA,"#8080F7","#FFFFFF",0,"01110"
"entry1918","598","mtn:ERDMAN_1050 / mtn:ERDMAN_2077","gene","http://www.kegg.jp/dbget-bin/www_bget?mtn:ERDMAN_1050+mtn:ERDMAN_2077",NA,"rn:R01715",NA,NA,NA,"line",NA,NA,"#FFCC66","#FFFFFF",0,"01110"
"entry1919","599","mtn:ERDMAN_1760 / mtn:ERDMAN_2452 / mtn:ERDMAN_4137","gene","http://www.kegg.jp/dbget-bin/www_bget?mtn:ERDMAN_1760+mtn:ERDMAN_2452+mtn:ERDMAN_4137",NA,"rn:R00688 rn:R00692 rn:R00694",NA,NA,NA,"line",NA,NA,"#FFCC66","#FFFFFF",0,"01110"
"entry1920","600","mtn:ERDMAN_4115","gene","http://www.kegg.jp/dbget-bin/www_bget?mtn:ERDMAN_4115",NA,"rn:R01728 rn:R01730",NA,NA,NA,"line",NA,NA,"#FFCC66","#FFFFFF",0,"01110"
"entry1921","601","mtn:ERDMAN_1760 / mtn:ERDMAN_2452 / mtn:ERDMAN_4137","gene","http://www.kegg.jp/dbget-bin/www_bget?mtn:ERDMAN_1760+mtn:ERDMAN_2452+mtn:ERDMAN_4137",NA,"rn:R00734 rn:R00729 rn:R09254 rn:R09830",NA,NA,NA,"line",NA,NA,"#FFCC66","#FFFFFF",0,"01110"
"entry1922","602","mtn:ERDMAN_1769","gene","http://www.kegg.jp/dbget-bin/www_bget?mtn:ERDMAN_1769",NA,"rn:R00985 rn:R00986",NA,NA,NA,"line",NA,NA,"#FFCC66","#FFFFFF",0,"01110"
"entry1923","604","mtn:ERDMAN_1763","gene","http://www.kegg.jp/dbget-bin/www_bget?mtn:ERDMAN_1763",NA,"rn:R03509",NA,NA,NA,"line",NA,NA,"#FFCC66","#FFFFFF",0,"01110"
"entry1924","605","mtn:ERDMAN_1771","gene","http://www.kegg.jp/dbget-bin/www_bget?mtn:ERDMAN_1771",NA,"rn:R03508",NA,NA,NA,"line",NA,NA,"#FFCC66","#FFFFFF",0,"01110"
"entry1925","606","mtn:ERDMAN_1772 / mtn:ERDMAN_1773","gene","http://www.kegg.jp/dbget-bin/www_bget?mtn:ERDMAN_1772+mtn:ERDMAN_1773",NA,"rn:R02722",NA,NA,NA,"line",NA,NA,"#FFCC66","#FFFFFF",0,"01110"
"entry1926","607","mtn:ERDMAN_1772 / mtn:ERDMAN_1773","gene","http://www.kegg.jp/dbget-bin/www_bget?mtn:ERDMAN_1772+mtn:ERDMAN_1773",NA,"rn:R00674",NA,NA,NA,"line",NA,NA,"#FFCC66","#FFFFFF",0,"01110"
"entry1927","608","mtn:ERDMAN_1773","gene","http://www.kegg.jp/dbget-bin/www_bget?mtn:ERDMAN_1773",NA,"rn:R02340",NA,NA,NA,"line",NA,NA,"#FFCC66","#FFFFFF",0,"01110"
"entry1928","615","mtn:ERDMAN_2101","gene","http://www.kegg.jp/dbget-bin/www_bget?mtn:ERDMAN_2101",NA,"rn:R04007",NA,NA,NA,"line",NA,NA,"#F06292","#FFFFFF",0,"01110"
"entry1929","620","mtn:ERDMAN_0211","gene","http://www.kegg.jp/dbget-bin/www_bget?mtn:ERDMAN_0211",NA,"rn:R04998",NA,NA,NA,"line",NA,NA,"#F06292","#FFFFFF",0,"01110"
"entry1930","640","mtn:ERDMAN_2101","gene","http://www.kegg.jp/dbget-bin/www_bget?mtn:ERDMAN_2101",NA,"rn:R02596",NA,NA,NA,"line",NA,NA,"#F06292","#FFFFFF",0,"01110"
"entry1931","655","mtn:ERDMAN_2101","gene","http://www.kegg.jp/dbget-bin/www_bget?mtn:ERDMAN_2101",NA,"rn:R03919",NA,NA,NA,"line",NA,NA,"#F06292","#FFFFFF",0,"01110"
"entry1932","696","mtn:ERDMAN_3471","gene","http://www.kegg.jp/dbget-bin/www_bget?mtn:ERDMAN_3471",NA,"rn:R04300",NA,NA,NA,"line",NA,NA,"#F06292","#FFFFFF",0,"01110"
"entry1933","755","mtn:ERDMAN_1825","gene","http://www.kegg.jp/dbget-bin/www_bget?mtn:ERDMAN_1825",NA,"rn:R01954",NA,NA,NA,"line",NA,NA,"#FFCC66","#FFFFFF",0,"01110"
"entry1934","758","mtn:ERDMAN_1823","gene","http://www.kegg.jp/dbget-bin/www_bget?mtn:ERDMAN_1823",NA,"rn:R01398",NA,NA,NA,"line",NA,NA,"#FFCC66","#FFFFFF",0,"01110"
"entry1935","759","mtn:ERDMAN_1114","gene","http://www.kegg.jp/dbget-bin/www_bget?mtn:ERDMAN_1114",NA,"rn:R00552 rn:R00557",NA,NA,NA,"line",NA,NA,"#FFCC66","#FFFFFF",0,"01110"
"entry1936","779","mtn:ERDMAN_4063","gene","http://www.kegg.jp/dbget-bin/www_bget?mtn:ERDMAN_4063",NA,"rn:R00480",NA,NA,NA,"line",NA,NA,"#FFCC66","#FFFFFF",0,"01110"
"entry1937","780","mtn:ERDMAN_4062","gene","http://www.kegg.jp/dbget-bin/www_bget?mtn:ERDMAN_4062",NA,"rn:R02291",NA,NA,NA,"line",NA,NA,"#FFCC66","#FFFFFF",0,"01110"
"entry1938","781","mtn:ERDMAN_3039","gene","http://www.kegg.jp/dbget-bin/www_bget?mtn:ERDMAN_3039",NA,"rn:R04198 rn:R04199",NA,NA,NA,"line",NA,NA,"#FFCC66","#FFFFFF",0,"01110"
"entry1939","783","mtn:ERDMAN_2987","gene","http://www.kegg.jp/dbget-bin/www_bget?mtn:ERDMAN_2987",NA,"rn:R02735",NA,NA,NA,"line",NA,NA,"#FFCC66","#FFFFFF",0,"01110"
"entry1940","785","mtn:ERDMAN_1445","gene","http://www.kegg.jp/dbget-bin/www_bget?mtn:ERDMAN_1445",NA,"rn:R00451",NA,NA,NA,"line",NA,NA,"#FFCC66","#FFFFFF",0,"01110"
"entry1941","802","mtn:ERDMAN_3147","gene","http://www.kegg.jp/dbget-bin/www_bget?mtn:ERDMAN_3147",NA,"rn:R05688",NA,NA,NA,"line",NA,NA,"#9EE284","#FFFFFF",0,"01110"
"entry1942","803","mtn:ERDMAN_3930","gene","http://www.kegg.jp/dbget-bin/www_bget?mtn:ERDMAN_3930",NA,"rn:R05633",NA,NA,NA,"line",NA,NA,"#9EE284","#FFFFFF",0,"01110"
"entry1943","804","mtn:ERDMAN_1124","gene","http://www.kegg.jp/dbget-bin/www_bget?mtn:ERDMAN_1124",NA,"rn:R05634",NA,NA,NA,"line",NA,NA,"#9EE284","#FFFFFF",0,"01110"
"entry1944","805","mtn:ERDMAN_3929","gene","http://www.kegg.jp/dbget-bin/www_bget?mtn:ERDMAN_3929",NA,"rn:R05637",NA,NA,NA,"line",NA,NA,"#9EE284","#FFFFFF",0,"01110"
"entry1945","819","mtn:ERDMAN_0846","gene","http://www.kegg.jp/dbget-bin/www_bget?mtn:ERDMAN_0846",NA,"rn:R05731",NA,NA,NA,"line",NA,NA,"#80CCCC","#FFFFFF",0,"01110"
"entry1946","837","mtn:ERDMAN_0892","gene","http://www.kegg.jp/dbget-bin/www_bget?mtn:ERDMAN_0892",NA,"rn:R01072",NA,NA,NA,"line",NA,NA,"#FF8080","#FFFFFF",0,"01110"
"entry1947","838","mtn:ERDMAN_0854","gene","http://www.kegg.jp/dbget-bin/www_bget?mtn:ERDMAN_0854",NA,"rn:R04144",NA,NA,NA,"line",NA,NA,"#FF8080","#FFFFFF",0,"01110"
"entry1948","839","mtn:ERDMAN_0429 / mtn:ERDMAN_1058","gene","http://www.kegg.jp/dbget-bin/www_bget?mtn:ERDMAN_0429+mtn:ERDMAN_1058",NA,"rn:R04325",NA,NA,NA,"line",NA,NA,"#FF8080","#FFFFFF",0,"01110"
"entry1949","840","mtn:ERDMAN_0871 / mtn:ERDMAN_0872 / mtn:ERDMAN_0888","gene","http://www.kegg.jp/dbget-bin/www_bget?mtn:ERDMAN_0871+mtn:ERDMAN_0872+mtn:ERDMAN_0888",NA,"rn:R04463",NA,NA,NA,"line",NA,NA,"#FF8080","#FFFFFF",0,"01110"
"entry1950","841","mtn:ERDMAN_0893","gene","http://www.kegg.jp/dbget-bin/www_bget?mtn:ERDMAN_0893",NA,"rn:R04208",NA,NA,NA,"line",NA,NA,"#FF8080","#FFFFFF",0,"01110"
"entry1951","843","mtn:ERDMAN_3592","gene","http://www.kegg.jp/dbget-bin/www_bget?mtn:ERDMAN_3592",NA,"rn:R07404",NA,NA,NA,"line",NA,NA,"#FF8080","#FFFFFF",0,"01110"
"entry1952","844","mtn:ERDMAN_3591","gene","http://www.kegg.jp/dbget-bin/www_bget?mtn:ERDMAN_3591",NA,"rn:R07405",NA,NA,NA,"line",NA,NA,"#FF8080","#FFFFFF",0,"01110"
"entry1953","845","mtn:ERDMAN_0862","gene","http://www.kegg.jp/dbget-bin/www_bget?mtn:ERDMAN_0862",NA,"rn:R04591",NA,NA,NA,"line",NA,NA,"#FF8080","#FFFFFF",0,"01110"
"entry1954","846","mtn:ERDMAN_0859","gene","http://www.kegg.jp/dbget-bin/www_bget?mtn:ERDMAN_0859",NA,"rn:R04559",NA,NA,NA,"line",NA,NA,"#FF8080","#FFFFFF",0,"01110"
"entry1955","847","mtn:ERDMAN_1059","gene","http://www.kegg.jp/dbget-bin/www_bget?mtn:ERDMAN_1059",NA,"rn:R04560 rn:R06975",NA,NA,NA,"line",NA,NA,"#FF8080","#FFFFFF",0,"01110"
"entry1956","848","mtn:ERDMAN_1059","gene","http://www.kegg.jp/dbget-bin/www_bget?mtn:ERDMAN_1059",NA,"rn:R01127",NA,NA,NA,"line",NA,NA,"#FF8080","#FFFFFF",0,"01110"
"entry1957","849","mtn:ERDMAN_2032 / mtn:ERDMAN_3731 / mtn:ERDMAN_3732","gene","http://www.kegg.jp/dbget-bin/www_bget?mtn:ERDMAN_2032+mtn:ERDMAN_3731+mtn:ERDMAN_3732",NA,"rn:R01130",NA,NA,NA,"line",NA,NA,"#FF8080","#FFFFFF",0,"01110"
"entry1958","851","mtn:ERDMAN_3623","gene","http://www.kegg.jp/dbget-bin/www_bget?mtn:ERDMAN_3623",NA,"rn:R02297",NA,NA,NA,"line",NA,NA,"#FF8080","#FFFFFF",0,"01110"
"entry1959","852","mtn:ERDMAN_3968","gene","http://www.kegg.jp/dbget-bin/www_bget?mtn:ERDMAN_3968",NA,"rn:R02142",NA,NA,NA,"line",NA,NA,"#FF8080","#FFFFFF",0,"01110"
"entry1960","864","mtn:ERDMAN_3911","gene","http://www.kegg.jp/dbget-bin/www_bget?mtn:ERDMAN_3911",NA,"rn:R07940",NA,NA,NA,"line",NA,NA,"#F06292","#FFFFFF",0,"01110"
"entry1961","866","mtn:ERDMAN_1446","gene","http://www.kegg.jp/dbget-bin/www_bget?mtn:ERDMAN_1446",NA,"rn:R01773 rn:R01775",NA,NA,NA,"line",NA,NA,"#FFCC66","#FFFFFF",0,"01110"
"entry1962","869","mtn:ERDMAN_3274","gene","http://www.kegg.jp/dbget-bin/www_bget?mtn:ERDMAN_3274",NA,"rn:R08620",NA,NA,NA,"line",NA,NA,"#F06292","#FFFFFF",0,"01110"
"entry1963","892","mtn:ERDMAN_1714 / mtn:ERDMAN_2419","gene","http://www.kegg.jp/dbget-bin/www_bget?mtn:ERDMAN_1714+mtn:ERDMAN_2419",NA,"rn:R00483 rn:R00485 rn:R00578",NA,NA,NA,"line",NA,NA,"#FFCC66","#FFFFFF",0,"01110"
"entry1964","894","mtn:ERDMAN_0806","gene","http://www.kegg.jp/dbget-bin/www_bget?mtn:ERDMAN_0806",NA,"rn:R00127 rn:R00333",NA,NA,NA,"line",NA,NA,"#FF8080","#FFFFFF",0,"01110"
"entry1965","895","mtn:ERDMAN_1778 / mtn:ERDMAN_2691","gene","http://www.kegg.jp/dbget-bin/www_bget?mtn:ERDMAN_1778+mtn:ERDMAN_2691",NA,"rn:R00124 rn:R00200",NA,NA,NA,"line",NA,NA,"#FF8080","#FFFFFF",0,"01110"
"entry1966","928","mtn:ERDMAN_3280","gene","http://www.kegg.jp/dbget-bin/www_bget?mtn:ERDMAN_3280",NA,"rn:R05578",NA,NA,NA,"line",NA,NA,"#FFB3CC","#FFFFFF",0,"01110"
"entry1967","929","mtn:ERDMAN_0559","gene","http://www.kegg.jp/dbget-bin/www_bget?mtn:ERDMAN_0559",NA,"rn:R04109",NA,NA,NA,"line",NA,NA,"#FFB3CC","#FFFFFF",0,"01110"
"entry1968","930","mtn:ERDMAN_0575","gene","http://www.kegg.jp/dbget-bin/www_bget?mtn:ERDMAN_0575",NA,"rn:R02272",NA,NA,NA,"line",NA,NA,"#FFB3CC","#FFFFFF",0,"01110"
"entry1969","931","mtn:ERDMAN_0562","gene","http://www.kegg.jp/dbget-bin/www_bget?mtn:ERDMAN_0562",NA,"rn:R00036",NA,NA,NA,"line",NA,NA,"#FFB3CC","#FFFFFF",0,"01110"
"entry1970","941","mtn:ERDMAN_0611","gene","http://www.kegg.jp/dbget-bin/www_bget?mtn:ERDMAN_0611",NA,"rn:R04990",NA,NA,NA,"line",NA,NA,"#FFB3CC","#FFFFFF",0,"01110"
"entry1971","948","mtn:ERDMAN_0611","gene","http://www.kegg.jp/dbget-bin/www_bget?mtn:ERDMAN_0611",NA,"rn:R08774",NA,NA,NA,"line",NA,NA,"#FFB3CC","#FFFFFF",0,"01110"
"entry1972","956","mtn:ERDMAN_0608","gene","http://www.kegg.jp/dbget-bin/www_bget?mtn:ERDMAN_0608",NA,"rn:R08165",NA,NA,NA,"line",NA,NA,"#FFB3CC","#FFFFFF",0,"01110"
"entry1973","958","mtn:ERDMAN_0594","gene","http://www.kegg.jp/dbget-bin/www_bget?mtn:ERDMAN_0594",NA,"rn:R04030",NA,NA,NA,"line",NA,NA,"#FFB3CC","#FFFFFF",0,"01110"
"entry1974","959","mtn:ERDMAN_0600","gene","http://www.kegg.jp/dbget-bin/www_bget?mtn:ERDMAN_0600",NA,"rn:R07263",NA,NA,NA,"line",NA,NA,"#FFB3CC","#FFFFFF",0,"01110"
"entry1975","961","mtn:ERDMAN_0586","gene","http://www.kegg.jp/dbget-bin/www_bget?mtn:ERDMAN_0586",NA,"rn:R10757",NA,NA,NA,"line",NA,NA,"#FFB3CC","#FFFFFF",0,"01110"
"entry1976","963","mtn:ERDMAN_0611","gene","http://www.kegg.jp/dbget-bin/www_bget?mtn:ERDMAN_0611",NA,"rn:R09736",NA,NA,NA,"line",NA,NA,"#FFB3CC","#FFFFFF",0,"01110"
"entry1977","973","mtn:ERDMAN_3282","gene","http://www.kegg.jp/dbget-bin/www_bget?mtn:ERDMAN_3282",NA,"rn:R04426",NA,NA,NA,"line",NA,NA,"#FFCC66","#FFFFFF",0,"01110"
"entry1978","975","mtn:ERDMAN_2428","gene","http://www.kegg.jp/dbget-bin/www_bget?mtn:ERDMAN_2428",NA,"rn:R01088 rn:R01090",NA,NA,NA,"line",NA,NA,"#FFCC66","#FFFFFF",0,"01110"
"entry2098","1443","mtn:ERDMAN_0560","gene","http://www.kegg.jp/dbget-bin/www_bget?mtn:ERDMAN_0560",NA,"rn:R00084",NA,NA,NA,"line",NA,NA,"#FFB3CC","#FFFFFF",0,"01110"
"entry2099","1444","mtn:ERDMAN_2940","gene","http://www.kegg.jp/dbget-bin/www_bget?mtn:ERDMAN_2940",NA,"rn:R03197",NA,NA,NA,"line",NA,NA,"#FFB3CC","#FFFFFF",0,"01110"
"entry2100","1446","mtn:ERDMAN_2939","gene","http://www.kegg.jp/dbget-bin/www_bget?mtn:ERDMAN_2939",NA,"rn:R03222 rn:R09489",NA,NA,NA,"line",NA,NA,"#FFB3CC","#FFFFFF",0,"01110"
"entry2101","1447","mtn:ERDMAN_1060 / mtn:ERDMAN_3125","gene","http://www.kegg.jp/dbget-bin/www_bget?mtn:ERDMAN_1060+mtn:ERDMAN_3125",NA,"rn:R03877",NA,NA,NA,"line",NA,NA,"#FFB3CC","#FFFFFF",0,"01110"
"entry2102","1456","mtn:ERDMAN_1653","gene","http://www.kegg.jp/dbget-bin/www_bget?mtn:ERDMAN_1653",NA,"rn:R00310",NA,NA,NA,"line",NA,NA,"#FFB3CC","#FFFFFF",0,"01110"
"entry2103","1457","mtn:ERDMAN_1622","gene","http://www.kegg.jp/dbget-bin/www_bget?mtn:ERDMAN_1622",NA,"rn:R07412",NA,NA,NA,"line",NA,NA,"#FFB3CC","#FFFFFF",0,"01110"
"entry2104","1458","mtn:ERDMAN_0561 / mtn:ERDMAN_3122","gene","http://www.kegg.jp/dbget-bin/www_bget?mtn:ERDMAN_0561+mtn:ERDMAN_3122",NA,"rn:R03194",NA,NA,NA,"line",NA,NA,"#FFB3CC","#FFFFFF",0,"01110"
"entry2105","1459","mtn:ERDMAN_3122","gene","http://www.kegg.jp/dbget-bin/www_bget?mtn:ERDMAN_3122",NA,"rn:R03947",NA,NA,NA,"line",NA,NA,"#FFB3CC","#FFFFFF",0,"01110"
"entry2106","1460","mtn:ERDMAN_0288 / mtn:ERDMAN_0561","gene","http://www.kegg.jp/dbget-bin/www_bget?mtn:ERDMAN_0288+mtn:ERDMAN_0561",NA,"rn:R03165",NA,NA,NA,"line",NA,NA,"#FFB3CC","#FFFFFF",0,"01110"
"entry2119","1516","mtn:ERDMAN_1550","gene","http://www.kegg.jp/dbget-bin/www_bget?mtn:ERDMAN_1550",NA,"rn:R00177",NA,NA,NA,"line",NA,NA,"#FFCC66","#FFFFFF",0,"01110"
"entry2134","1586","mtn:ERDMAN_3949","gene","http://www.kegg.jp/dbget-bin/www_bget?mtn:ERDMAN_3949",NA,"rn:R02473 rn:R02474",NA,NA,NA,"line",NA,NA,"#FFB3CC","#FFFFFF",0,"01110"
"entry2135","1588","mtn:ERDMAN_2831","gene","http://www.kegg.jp/dbget-bin/www_bget?mtn:ERDMAN_2831",NA,"rn:R02472",NA,NA,NA,"line",NA,NA,"#FFB3CC","#FFFFFF",0,"01110"
"entry2136","1589","mtn:ERDMAN_0372 / mtn:ERDMAN_0373 / mtn:ERDMAN_2428","gene","http://www.kegg.jp/dbget-bin/www_bget?mtn:ERDMAN_0372+mtn:ERDMAN_0373+mtn:ERDMAN_2428",NA,"rn:R01214 rn:R01215 rn:R01434",NA,NA,NA,"line",NA,NA,"#FFCC66","#FFFFFF",0,"01110"
"entry2142","1613","mtn:ERDMAN_1386 / mtn:ERDMAN_3127","gene","http://www.kegg.jp/dbget-bin/www_bget?mtn:ERDMAN_1386+mtn:ERDMAN_3127",NA,"rn:R00342 rn:R00361",NA,NA,NA,"line",NA,NA,"#8080F7","#FFFFFF",0,"01110"
"entry2145","1653","mtn:ERDMAN_1596","gene","http://www.kegg.jp/dbget-bin/www_bget?mtn:ERDMAN_1596",NA,"rn:R01015",NA,NA,NA,"line",NA,NA,"#8080F7","#FFFFFF",0,"01110"
"entry2146","1654","mtn:ERDMAN_0999 / mtn:ERDMAN_2472 / mtn:ERDMAN_2751 / mtn:ERDMAN_3601","gene","http://www.kegg.jp/dbget-bin/www_bget?mtn:ERDMAN_0999+mtn:ERDMAN_2472+mtn:ERDMAN_2751+mtn:ERDMAN_3601",NA,"rn:R00742",NA,NA,NA,"line",NA,NA,"#80CCCC","#FFFFFF",0,"01110"
"entry2153","1686","mtn:ERDMAN_0719 / mtn:ERDMAN_2965","gene","http://www.kegg.jp/dbget-bin/www_bget?mtn:ERDMAN_0719+mtn:ERDMAN_2965",NA,"rn:R01786 rn:R02189 rn:R09085",NA,NA,NA,"line",NA,NA,"#8080F7","#FFFFFF",0,"01110"
"entry2154","1688","mtn:ERDMAN_0719 / mtn:ERDMAN_2965","gene","http://www.kegg.jp/dbget-bin/www_bget?mtn:ERDMAN_0719+mtn:ERDMAN_2965",NA,"rn:R01600 rn:R02187 rn:R09086",NA,NA,NA,"line",NA,NA,"#8080F7","#FFFFFF",0,"01110"
"entry2158","1692","mtn:ERDMAN_3359","gene","http://www.kegg.jp/dbget-bin/www_bget?mtn:ERDMAN_3359",NA,"rn:R00959",NA,NA,NA,"line",NA,NA,"#8080F7","#FFFFFF",0,"01110"
"entry2167","1740","mtn:ERDMAN_3717","gene","http://www.kegg.jp/dbget-bin/www_bget?mtn:ERDMAN_3717",NA,"rn:R04218 rn:R07270",NA,NA,NA,"line",NA,NA,"#9EE284","#FFFFFF",0,"01110"
"entry2168","1741","mtn:ERDMAN_3717","gene","http://www.kegg.jp/dbget-bin/www_bget?mtn:ERDMAN_3717",NA,"rn:R02065",NA,NA,NA,"line",NA,NA,"#9EE284","#FFFFFF",0,"01110"
"entry2171","1843","mtn:ERDMAN_0211","gene","http://www.kegg.jp/dbget-bin/www_bget?mtn:ERDMAN_0211",NA,"rn:R02558 rn:R10638",NA,NA,NA,"line",NA,NA,"#FF9900","#FFFFFF",0,"01110"
"entry2174","1848","mtn:ERDMAN_2395","gene","http://www.kegg.jp/dbget-bin/www_bget?mtn:ERDMAN_2395",NA,"rn:R01826",NA,NA,NA,"line",NA,NA,"#FFCC66","#FFFFFF",0,"01110"
"entry2177","1854","mtn:ERDMAN_3018","gene","http://www.kegg.jp/dbget-bin/www_bget?mtn:ERDMAN_3018",NA,"rn:R10147",NA,NA,NA,"line",NA,NA,"#FFCC66","#FFFFFF",0,"01110"
"entry2180","1995","mtn:ERDMAN_0272 / mtn:ERDMAN_0951 / mtn:ERDMAN_1011 / mtn:ERDMAN_1199 / mtn:ERDMAN_1272 / mtn:ERDMAN_1483 / mtn:ERDMAN_2059 / mtn:ERDMAN_3862 / mtn:ERDMAN_3863 / mtn:ERDMAN_3891 / mtn:ERDMAN_3901","gene","http://www.kegg.jp/dbget-bin/www_bget?mtn:ERDMAN_0272+mtn:ERDMAN_0951+mtn:ERDMAN_1011+mtn:ERDMAN_1199+mtn:ERDMAN_1272+mtn:ERDMAN_1483+mtn:ERDMAN_2059+mtn:ERDMAN_3862+mtn:ERDMAN_3863+mtn:ERDMAN_3891+mtn:ERDMAN_3901",NA,"rn:R00238",NA,NA,NA,"line",NA,NA,"#9EE284","#FFFFFF",0,"01110"
"entry2184","2023","mtn:ERDMAN_3528","gene","http://www.kegg.jp/dbget-bin/www_bget?mtn:ERDMAN_3528",NA,"rn:R01717",NA,NA,NA,"line",NA,NA,"#FFB3CC","#FFFFFF",0,"01110"
"entry2186","2026","mtn:ERDMAN_4205","gene","http://www.kegg.jp/dbget-bin/www_bget?mtn:ERDMAN_4205",NA,"rn:R01373",NA,NA,NA,"line",NA,NA,"#FFCC66","#FFFFFF",0,"01110"
"entry2189","2029","mtn:ERDMAN_2794","gene","http://www.kegg.jp/dbget-bin/www_bget?mtn:ERDMAN_2794",NA,"rn:R03083",NA,NA,NA,"line",NA,NA,"#FFCC66","#FFFFFF",0,"01110"
"entry2190","2030","mtn:ERDMAN_2793","gene","http://www.kegg.jp/dbget-bin/www_bget?mtn:ERDMAN_2793",NA,"rn:R03084",NA,NA,NA,"line",NA,NA,"#FFCC66","#FFFFFF",0,"01110"
"entry2191","2031","mtn:ERDMAN_2810","gene","http://www.kegg.jp/dbget-bin/www_bget?mtn:ERDMAN_2810",NA,"rn:R02413 rn:R02415 rn:R06847",NA,NA,NA,"line",NA,NA,"#FFCC66","#FFFFFF",0,"01110"
"entry2192","2032","mtn:ERDMAN_2795","gene","http://www.kegg.jp/dbget-bin/www_bget?mtn:ERDMAN_2795",NA,"rn:R02412",NA,NA,NA,"line",NA,NA,"#FFCC66","#FFFFFF",0,"01110"
"entry2193","2033","mtn:ERDMAN_3540","gene","http://www.kegg.jp/dbget-bin/www_bget?mtn:ERDMAN_3540",NA,"rn:R03460",NA,NA,NA,"line",NA,NA,"#FFCC66","#FFFFFF",0,"01110"
"entry2194","2034","mtn:ERDMAN_2796","gene","http://www.kegg.jp/dbget-bin/www_bget?mtn:ERDMAN_2796",NA,"rn:R01714",NA,NA,NA,"line",NA,NA,"#FFCC66","#FFFFFF",0,"01110"
"entry2202","2042","mtn:ERDMAN_1643","gene","http://www.kegg.jp/dbget-bin/www_bget?mtn:ERDMAN_1643",NA,"rn:R01325",NA,NA,NA,"line",NA,NA,"#8080F7","#FFFFFF",0,"01110"
"entry2206","2093","mtn:ERDMAN_3145","gene","http://www.kegg.jp/dbget-bin/www_bget?mtn:ERDMAN_3145",NA,"rn:R08689",NA,NA,NA,"line",NA,NA,"#9EE284","#FFFFFF",0,"01110"
"entry2207","2094","mtn:ERDMAN_1243 / mtn:ERDMAN_3701","gene","http://www.kegg.jp/dbget-bin/www_bget?mtn:ERDMAN_1243+mtn:ERDMAN_3701",NA,"rn:R08210",NA,NA,NA,"line",NA,NA,"#9EE284","#FFFFFF",0,"01110"
"entry2208","2159","mtn:ERDMAN_2390 / mtn:ERDMAN_3702 / mtn:ERDMAN_3718","gene","http://www.kegg.jp/dbget-bin/www_bget?mtn:ERDMAN_2390+mtn:ERDMAN_3702+mtn:ERDMAN_3718",NA,"rn:R02061",NA,NA,NA,"line",NA,NA,"#9EE284","#FFFFFF",0,"01110"
"entry2209","2161","mtn:ERDMAN_2390 / mtn:ERDMAN_3702 / mtn:ERDMAN_3718","gene","http://www.kegg.jp/dbget-bin/www_bget?mtn:ERDMAN_2390+mtn:ERDMAN_3702+mtn:ERDMAN_3718",NA,"rn:R02003",NA,NA,NA,"line",NA,NA,"#9EE284","#FFFFFF",0,"01110"
"entry2210","2163","mtn:ERDMAN_2390 / mtn:ERDMAN_3702 / mtn:ERDMAN_3718","gene","http://www.kegg.jp/dbget-bin/www_bget?mtn:ERDMAN_2390+mtn:ERDMAN_3702+mtn:ERDMAN_3718",NA,"rn:R01658",NA,NA,NA,"line",NA,NA,"#9EE284","#FFFFFF",0,"01110"
"entry2214","2195","mtn:ERDMAN_2944 / mtn:ERDMAN_3700","gene","http://www.kegg.jp/dbget-bin/www_bget?mtn:ERDMAN_2944+mtn:ERDMAN_3700",NA,"rn:R05636",NA,NA,NA,"line",NA,NA,"#9EE284","#FFFFFF",0,"01110"
"entry2218","2272","mtn:ERDMAN_2504 / mtn:ERDMAN_3158","gene","http://www.kegg.jp/dbget-bin/www_bget?mtn:ERDMAN_2504+mtn:ERDMAN_3158",NA,"rn:R01797 rn:R01799",NA,NA,NA,"line",NA,NA,"#80CCB3","#FFFFFF",0,"01110"
"entry2219","2273","mtn:ERDMAN_0479","gene","http://www.kegg.jp/dbget-bin/www_bget?mtn:ERDMAN_0479",NA,"rn:R01800",NA,NA,NA,"line",NA,NA,"#80CCB3","#FFFFFF",0,"01110"
"entry2220","2274","mtn:ERDMAN_0480","gene","http://www.kegg.jp/dbget-bin/www_bget?mtn:ERDMAN_0480",NA,"rn:R02055 rn:R07376",NA,NA,NA,"line",NA,NA,"#80CCB3","#FFFFFF",0,"01110"
"entry2221","2275","mtn:ERDMAN_1935 / mtn:ERDMAN_2579 / mtn:ERDMAN_2580 / mtn:ERDMAN_2581","gene","http://www.kegg.jp/dbget-bin/www_bget?mtn:ERDMAN_1935+mtn:ERDMAN_2579+mtn:ERDMAN_2580+mtn:ERDMAN_2581",NA,"rn:R02052 rn:R02057",NA,NA,NA,"line",NA,NA,"#80CCB3","#FFFFFF",0,"01110"
"entry2222","2276","mtn:ERDMAN_2477","gene","http://www.kegg.jp/dbget-bin/www_bget?mtn:ERDMAN_2477",NA,"rn:R02239 rn:R02240 rn:R09944",NA,NA,NA,"line",NA,NA,"#80CCB3","#FFFFFF",0,"01110"
"entry2223","2277","mtn:ERDMAN_1935 / mtn:ERDMAN_2579 / mtn:ERDMAN_2580 / mtn:ERDMAN_2581","gene","http://www.kegg.jp/dbget-bin/www_bget?mtn:ERDMAN_1935+mtn:ERDMAN_2579+mtn:ERDMAN_2580+mtn:ERDMAN_2581",NA,"rn:R01312",NA,NA,NA,"line",NA,NA,"#80CCB3","#FFFFFF",0,"01110"
"entry2241","2332","mtn:ERDMAN_1922","gene","http://www.kegg.jp/dbget-bin/www_bget?mtn:ERDMAN_1922",NA,"rn:R01123",NA,NA,NA,"line",NA,NA,"#9EE284","#FFFFFF",0,"01110"
"entry2271","2444","mtn:ERDMAN_1726 / mtn:ERDMAN_2727","gene","http://www.kegg.jp/dbget-bin/www_bget?mtn:ERDMAN_1726+mtn:ERDMAN_2727",NA,"rn:R00851 rn:R12241",NA,NA,NA,"line",NA,NA,"#80CCB3","#FFFFFF",0,"01110"
"entry2272","2445","mtn:ERDMAN_2399","gene","http://www.kegg.jp/dbget-bin/www_bget?mtn:ERDMAN_2399",NA,"rn:R02241",NA,NA,NA,"line",NA,NA,"#80CCB3","#FFFFFF",0,"01110"
"entry2277","2650","mtn:ERDMAN_2010 / mtn:ERDMAN_3291 / mtn:ERDMAN_3292 / mtn:ERDMAN_3811 / mtn:ERDMAN_3851","gene","http://www.kegg.jp/dbget-bin/www_bget?mtn:ERDMAN_2010+mtn:ERDMAN_3291+mtn:ERDMAN_3292+mtn:ERDMAN_3811+mtn:ERDMAN_3851",NA,"rn:R08648",NA,NA,NA,"line",NA,NA,"#FFCC66","#FFFFFF",0,"01110"
