"","entryID","name","type","link","component","reaction","map","x","y","graphicalType","width","height","fgcolor","bgcolor","freq","pathway"
"entry1549","23","sii:LD85_0749 / sii:LD85_0869","gene","http://www.kegg.jp/dbget-bin/www_bget?sii:LD85_0749+sii:LD85_0869",NA,"rn:R00243 rn:R00248",NA,NA,NA,"line",NA,NA,"#FFCC66","#FFFFFF",0,"01120"
"entry1550","46","sii:LD85_2296","gene","http://www.kegg.jp/dbget-bin/www_bget?sii:LD85_2296",NA,"rn:R05578",NA,NA,NA,"line",NA,NA,"#FFB3CC","#FFFFFF",0,"01120"
"entry1551","47","sii:LD85_2215","gene","http://www.kegg.jp/dbget-bin/www_bget?sii:LD85_2215",NA,"rn:R04109",NA,NA,NA,"line",NA,NA,"#FFB3CC","#FFFFFF",0,"01120"
"entry1552","48","sii:LD85_0712 / sii:LD85_2213","gene","http://www.kegg.jp/dbget-bin/www_bget?sii:LD85_0712+sii:LD85_2213",NA,"rn:R02272",NA,NA,NA,"line",NA,NA,"#FFB3CC","#FFFFFF",0,"01120"
"entry1553","49","sii:LD85_2214","gene","http://www.kegg.jp/dbget-bin/www_bget?sii:LD85_2214",NA,"rn:R00036",NA,NA,NA,"line",NA,NA,"#FFB3CC","#FFFFFF",0,"01120"
"entry1554","50","sii:LD85_2212","gene","http://www.kegg.jp/dbget-bin/www_bget?sii:LD85_2212",NA,"rn:R00084",NA,NA,NA,"line",NA,NA,"#FFB3CC","#FFFFFF",0,"01120"
"entry1555","51","sii:LD85_2211","gene","http://www.kegg.jp/dbget-bin/www_bget?sii:LD85_2211",NA,"rn:R03165",NA,NA,NA,"line",NA,NA,"#FFB3CC","#FFFFFF",0,"01120"
"entry1556","52","sii:LD85_0231 / sii:LD85_2732","gene","http://www.kegg.jp/dbget-bin/www_bget?sii:LD85_0231+sii:LD85_2732",NA,"rn:R03194",NA,NA,NA,"line",NA,NA,"#FFB3CC","#FFFFFF",0,"01120"
"entry1557","53","sii:LD85_2216","gene","http://www.kegg.jp/dbget-bin/www_bget?sii:LD85_2216",NA,"rn:R03947",NA,NA,NA,"line",NA,NA,"#FFB3CC","#FFFFFF",0,"01120"
"entry1558","83","sii:LD85_2416","gene","http://www.kegg.jp/dbget-bin/www_bget?sii:LD85_2416",NA,"rn:R01648 rn:R10178",NA,NA,NA,"line",NA,NA,"#FFCC66","#FFFFFF",0,"01120"
"entry1559","138","sii:LD85_2074 / sii:LD85_2405","gene","http://www.kegg.jp/dbget-bin/www_bget?sii:LD85_2074+sii:LD85_2405",NA,"rn:R02568",NA,NA,NA,"line",NA,NA,"#B3B3E6","#FFFFFF",0,"01120"
"entry1560","165","sii:LD85_2429","gene","http://www.kegg.jp/dbget-bin/www_bget?sii:LD85_2429",NA,"rn:R10616",NA,NA,NA,"line",NA,NA,"#B3B3E6","#FFFFFF",0,"01120"
"entry1561","167","sii:LD85_2428 / sii:LD85_2966","gene","http://www.kegg.jp/dbget-bin/www_bget?sii:LD85_2428+sii:LD85_2966",NA,"rn:R03033",NA,NA,NA,"line",NA,NA,"#B3B3E6","#FFFFFF",0,"01120"
"entry1562","171","sii:LD85_2405","gene","http://www.kegg.jp/dbget-bin/www_bget?sii:LD85_2405",NA,"rn:R01829",NA,NA,NA,"line",NA,NA,"#CC99FF","#FFFFFF",0,"01120"
"entry1563","220","sii:LD85_2731","gene","http://www.kegg.jp/dbget-bin/www_bget?sii:LD85_2731",NA,"rn:R00858 rn:R00859 rn:R00861 rn:R10146",NA,NA,NA,"line",NA,NA,"#CC99FF","#FFFFFF",0,"01120"
"entry1564","234","sii:LD85_0567 / sii:LD85_0568 / sii:LD85_0569","gene","http://www.kegg.jp/dbget-bin/www_bget?sii:LD85_0567+sii:LD85_0568+sii:LD85_0569",NA,"rn:R07365",NA,NA,NA,"line",NA,NA,"#CC99FF","#FFFFFF",0,"01120"
"entry1565","239","sii:LD85_0805 / sii:LD85_0806 / sii:LD85_2543","gene","http://www.kegg.jp/dbget-bin/www_bget?sii:LD85_0805+sii:LD85_0806+sii:LD85_2543",NA,"rn:R07177 rn:R10150",NA,NA,NA,"line",NA,NA,"#CC99FF","#FFFFFF",0,"01120"
"entry1566","243","sii:LD85_2191","gene","http://www.kegg.jp/dbget-bin/www_bget?sii:LD85_2191",NA,"rn:R05338",NA,NA,NA,"line",NA,NA,"#CC99FF","#FFFFFF",0,"01120"
"entry1567","261","sii:LD85_0221","gene","http://www.kegg.jp/dbget-bin/www_bget?sii:LD85_0221",NA,"rn:R09979",NA,NA,NA,"line",NA,NA,"#B3B3E6","#FFFFFF",0,"01120"
"entry1568","288","sii:LD85_2002","gene","http://www.kegg.jp/dbget-bin/www_bget?sii:LD85_2002",NA,"rn:R00897",NA,NA,NA,"line",NA,NA,"#CC99FF","#FFFFFF",0,"01120"
"entry1569","293","sii:LD85_0963 / sii:LD85_1154 / sii:LD85_3126","gene","http://www.kegg.jp/dbget-bin/www_bget?sii:LD85_0963+sii:LD85_1154+sii:LD85_3126",NA,"rn:R09280",NA,NA,NA,"line",NA,NA,"#CC99FF","#FFFFFF",0,"01120"
"entry1570","299","sii:LD85_1501","gene","http://www.kegg.jp/dbget-bin/www_bget?sii:LD85_1501",NA,"rn:R00919",NA,NA,NA,"line",NA,NA,"#CC99FF","#FFFFFF",0,"01120"
"entry1571","300","sii:LD85_1689","gene","http://www.kegg.jp/dbget-bin/www_bget?sii:LD85_1689",NA,"rn:R03045",NA,NA,NA,"line",NA,NA,"#CC99FF","#FFFFFF",0,"01120"
"entry1572","301","sii:LD85_1697","gene","http://www.kegg.jp/dbget-bin/www_bget?sii:LD85_1697",NA,"rn:R09289",NA,NA,NA,"line",NA,NA,"#CC99FF","#FFFFFF",0,"01120"
"entry1573","302","sii:LD85_3126","gene","http://www.kegg.jp/dbget-bin/www_bget?sii:LD85_3126",NA,"rn:R00740",NA,NA,NA,"line",NA,NA,"#CC99FF","#FFFFFF",0,"01120"
"entry1574","303","sii:LD85_0177 / sii:LD85_0293 / sii:LD85_0731 / sii:LD85_0732 / sii:LD85_1029 / sii:LD85_2749 / sii:LD85_3005","gene","http://www.kegg.jp/dbget-bin/www_bget?sii:LD85_0177+sii:LD85_0293+sii:LD85_0731+sii:LD85_0732+sii:LD85_1029+sii:LD85_2749+sii:LD85_3005",NA,"rn:R00238",NA,NA,NA,"line",NA,NA,"#B3B3E6","#FFFFFF",0,"01120"
"entry1575","304","sii:LD85_0350 / sii:LD85_0351 / sii:LD85_0352 / sii:LD85_0383 / sii:LD85_0384 / sii:LD85_0385 / sii:LD85_0386 / sii:LD85_2876 / sii:LD85_2877 / sii:LD85_2878 / sii:LD85_2879","gene","http://www.kegg.jp/dbget-bin/www_bget?sii:LD85_0350+sii:LD85_0351+sii:LD85_0352+sii:LD85_0383+sii:LD85_0384+sii:LD85_0385+sii:LD85_0386+sii:LD85_2876+sii:LD85_2877+sii:LD85_2878+sii:LD85_2879",NA,"rn:R01196 rn:R10866",NA,NA,NA,"line",NA,NA,"#CC99FF","#FFFFFF",0,"01120"
"entry1576","312","sii:LD85_0076 / sii:LD85_0220","gene","http://www.kegg.jp/dbget-bin/www_bget?sii:LD85_0076+sii:LD85_0220",NA,"rn:R00833",NA,NA,NA,"line",NA,NA,"#B3B3E6","#FFFFFF",0,"01120"
"entry1577","315","sii:LD85_0221","gene","http://www.kegg.jp/dbget-bin/www_bget?sii:LD85_0221",NA,"rn:R02765",NA,NA,NA,"line",NA,NA,"#B3B3E6","#FFFFFF",0,"01120"
"entry1578","316","sii:LD85_0645","gene","http://www.kegg.jp/dbget-bin/www_bget?sii:LD85_0645",NA,"rn:R00472",NA,NA,NA,"line",NA,NA,"#B3B3E6","#FFFFFF",0,"01120"
"entry1579","320","sii:LD85_1257 / sii:LD85_1258","gene","http://www.kegg.jp/dbget-bin/www_bget?sii:LD85_1257+sii:LD85_1258",NA,"rn:R05509",NA,NA,NA,"line",NA,NA,"#DA8E82","#FFFFFF",0,"01120"
"entry1580","322","sii:LD85_1189","gene","http://www.kegg.jp/dbget-bin/www_bget?sii:LD85_1189",NA,"rn:R05287",NA,NA,NA,"line",NA,NA,"#DA8E82","#FFFFFF",0,"01120"
"entry1581","326","sii:LD85_3051","gene","http://www.kegg.jp/dbget-bin/www_bget?sii:LD85_3051",NA,"rn:R07136 rn:R07137",NA,NA,NA,"line",NA,NA,"#CC99FF","#FFFFFF",0,"01120"
"entry1582","344","sii:LD85_0069","gene","http://www.kegg.jp/dbget-bin/www_bget?sii:LD85_0069",NA,"rn:R00345",NA,NA,NA,"line",NA,NA,"#CC99FF","#FFFFFF",0,"01120"
"entry1583","352","sii:LD85_2074","gene","http://www.kegg.jp/dbget-bin/www_bget?sii:LD85_2074",NA,"rn:R00762 rn:R00756 rn:R05805",NA,NA,NA,"line",NA,NA,"#CC99FF","#FFFFFF",0,"01120"
"entry1584","356","sii:LD85_2059 / sii:LD85_2060","gene","http://www.kegg.jp/dbget-bin/www_bget?sii:LD85_2059+sii:LD85_2060",NA,"rn:R01067",NA,NA,NA,"line",NA,NA,"#CC99FF","#FFFFFF",0,"01120"
"entry1585","358","sii:LD85_2074 / sii:LD85_2405","gene","http://www.kegg.jp/dbget-bin/www_bget?sii:LD85_2074+sii:LD85_2405",NA,"rn:R01068",NA,NA,NA,"line",NA,NA,"#CC99FF","#FFFFFF",0,"01120"
"entry1586","374","sii:LD85_0739","gene","http://www.kegg.jp/dbget-bin/www_bget?sii:LD85_0739",NA,"rn:R02698",NA,NA,NA,"line",NA,NA,"#FFCC66","#FFFFFF",0,"01120"
"entry1587","394","sii:LD85_0443","gene","http://www.kegg.jp/dbget-bin/www_bget?sii:LD85_0443",NA,"rn:R05510",NA,NA,NA,"line",NA,NA,"#DA8E82","#FFFFFF",0,"01120"
"entry1588","415","sii:LD85_0660 / sii:LD85_0977","gene","http://www.kegg.jp/dbget-bin/www_bget?sii:LD85_0660+sii:LD85_0977",NA,"rn:R06782",NA,NA,NA,"line",NA,NA,"#FFCC66","#FFFFFF",0,"01120"
"entry1589","418","sii:LD85_0660 / sii:LD85_0977","gene","http://www.kegg.jp/dbget-bin/www_bget?sii:LD85_0660+sii:LD85_0977",NA,"rn:R06783",NA,NA,NA,"line",NA,NA,"#FFCC66","#FFFFFF",0,"01120"
"entry1590","472","sii:LD85_0158","gene","http://www.kegg.jp/dbget-bin/www_bget?sii:LD85_0158",NA,"rn:R03024",NA,NA,NA,"line",NA,NA,"#DA8E82","#FFFFFF",0,"01120"
"entry1591","479","sii:LD85_0407","gene","http://www.kegg.jp/dbget-bin/www_bget?sii:LD85_0407",NA,"rn:R07795",NA,NA,NA,"line",NA,NA,"#DA8E82","#FFFFFF",0,"01120"
"entry1592","498","sii:LD85_0407","gene","http://www.kegg.jp/dbget-bin/www_bget?sii:LD85_0407",NA,"rn:R05406",NA,NA,NA,"line",NA,NA,"#DA8E82","#FFFFFF",0,"01120"
"entry1593","519","sii:LD85_0443","gene","http://www.kegg.jp/dbget-bin/www_bget?sii:LD85_0443",NA,"rn:R08121",NA,NA,NA,"line",NA,NA,"#DA8E82","#FFFFFF",0,"01120"
"entry1594","530","sii:LD85_2429","gene","http://www.kegg.jp/dbget-bin/www_bget?sii:LD85_2429",NA,"rn:R05605",NA,NA,NA,"line",NA,NA,"#8080F7","#FFFFFF",0,"01120"
"entry1595","532","sii:LD85_2059 / sii:LD85_2060","gene","http://www.kegg.jp/dbget-bin/www_bget?sii:LD85_2059+sii:LD85_2060",NA,"rn:R01830",NA,NA,NA,"line",NA,NA,"#8080F7","#FFFFFF",0,"01120"
"entry1596","534","sii:LD85_0093","gene","http://www.kegg.jp/dbget-bin/www_bget?sii:LD85_0093",NA,"rn:R03321",NA,NA,NA,"line",NA,NA,"#8080F7","#FFFFFF",0,"01120"
"entry1597","535","sii:LD85_1420","gene","http://www.kegg.jp/dbget-bin/www_bget?sii:LD85_1420",NA,"rn:R00658",NA,NA,NA,"line",NA,NA,"#8080F7","#FFFFFF",0,"01120"
"entry1598","536","sii:LD85_1353 / sii:LD85_1448","gene","http://www.kegg.jp/dbget-bin/www_bget?sii:LD85_1353+sii:LD85_1448",NA,"rn:R00199 rn:R00200 rn:R00206",NA,NA,NA,"line",NA,NA,"#8080F7","#FFFFFF",0,"01120"
"entry1599","537","sii:LD85_0093","gene","http://www.kegg.jp/dbget-bin/www_bget?sii:LD85_0093",NA,"rn:R02740",NA,NA,NA,"line",NA,NA,"#8080F7","#FFFFFF",0,"01120"
"entry1600","538","sii:LD85_2074","gene","http://www.kegg.jp/dbget-bin/www_bget?sii:LD85_2074",NA,"rn:R02073 rn:R04779 rn:R04780 rn:R09084",NA,NA,NA,"line",NA,NA,"#8080F7","#FFFFFF",0,"01120"
"entry1601","539","sii:LD85_2074 / sii:LD85_2405","gene","http://www.kegg.jp/dbget-bin/www_bget?sii:LD85_2074+sii:LD85_2405",NA,"rn:R01070",NA,NA,NA,"line",NA,NA,"#8080F7","#FFFFFF",0,"01120"
"entry1602","541","sii:LD85_3051","gene","http://www.kegg.jp/dbget-bin/www_bget?sii:LD85_3051",NA,"rn:R00342 rn:R00361",NA,NA,NA,"line",NA,NA,"#8080F7","#FFFFFF",0,"01120"
"entry1603","542","sii:LD85_3044","gene","http://www.kegg.jp/dbget-bin/www_bget?sii:LD85_3044",NA,"rn:R01015",NA,NA,NA,"line",NA,NA,"#8080F7","#FFFFFF",0,"01120"
"entry1604","545","sii:LD85_2059 / sii:LD85_2060","gene","http://www.kegg.jp/dbget-bin/www_bget?sii:LD85_2059+sii:LD85_2060",NA,"rn:R01641",NA,NA,NA,"line",NA,NA,"#8080F7","#FFFFFF",0,"01120"
"entry1605","547","sii:LD85_1355","gene","http://www.kegg.jp/dbget-bin/www_bget?sii:LD85_1355",NA,"rn:R01056",NA,NA,NA,"line",NA,NA,"#8080F7","#FFFFFF",0,"01120"
"entry1606","556","sii:LD85_2428","gene","http://www.kegg.jp/dbget-bin/www_bget?sii:LD85_2428",NA,"rn:R01538",NA,NA,NA,"line",NA,NA,"#8080F7","#FFFFFF",0,"01120"
"entry1607","558","sii:LD85_2429","gene","http://www.kegg.jp/dbget-bin/www_bget?sii:LD85_2429",NA,"rn:R08570",NA,NA,NA,"line",NA,NA,"#8080F7","#FFFFFF",0,"01120"
"entry1608","561","sii:LD85_2888","gene","http://www.kegg.jp/dbget-bin/www_bget?sii:LD85_2888",NA,"rn:R01602",NA,NA,NA,"line",NA,NA,"#8080F7","#FFFFFF",0,"01120"
"entry1609","562","sii:LD85_0093","gene","http://www.kegg.jp/dbget-bin/www_bget?sii:LD85_0093",NA,"rn:R02739",NA,NA,NA,"line",NA,NA,"#8080F7","#FFFFFF",0,"01120"
"entry1610","567","sii:LD85_2187","gene","http://www.kegg.jp/dbget-bin/www_bget?sii:LD85_2187",NA,"rn:R00959",NA,NA,NA,"line",NA,NA,"#8080F7","#FFFFFF",0,"01120"
"entry1611","571","sii:LD85_0407","gene","http://www.kegg.jp/dbget-bin/www_bget?sii:LD85_0407",NA,"rn:R00816",NA,NA,NA,"line",NA,NA,"#DA8E82","#FFFFFF",0,"01120"
"entry1612","589","sii:LD85_0308 / sii:LD85_2660 / sii:LD85_2751","gene","http://www.kegg.jp/dbget-bin/www_bget?sii:LD85_0308+sii:LD85_2660+sii:LD85_2751",NA,"rn:R01975 rn:R01976",NA,NA,NA,"line",NA,NA,"#DA8E82","#FFFFFF",0,"01120"
"entry1613","614","sii:LD85_2741","gene","http://www.kegg.jp/dbget-bin/www_bget?sii:LD85_2741",NA,"rn:R03470",NA,NA,NA,"line",NA,NA,"#DA8E82","#FFFFFF",0,"01120"
"entry1614","651","sii:LD85_0443","gene","http://www.kegg.jp/dbget-bin/www_bget?sii:LD85_0443",NA,"rn:R06838",NA,NA,NA,"line",NA,NA,"#DA8E82","#FFFFFF",0,"01120"
"entry1615","660","sii:LD85_0443","gene","http://www.kegg.jp/dbget-bin/www_bget?sii:LD85_0443",NA,"rn:R05511",NA,NA,NA,"line",NA,NA,"#DA8E82","#FFFFFF",0,"01120"
"entry1616","664","sii:LD85_0443","gene","http://www.kegg.jp/dbget-bin/www_bget?sii:LD85_0443",NA,"rn:R03893",NA,NA,NA,"line",NA,NA,"#DA8E82","#FFFFFF",0,"01120"
"entry1617","675","sii:LD85_0644","gene","http://www.kegg.jp/dbget-bin/www_bget?sii:LD85_0644",NA,"rn:R00479",NA,NA,NA,"line",NA,NA,"#B3B3E6","#FFFFFF",0,"01120"
"entry1618","676","sii:LD85_0396 / sii:LD85_2480 / sii:LD85_2481","gene","http://www.kegg.jp/dbget-bin/www_bget?sii:LD85_0396+sii:LD85_2480+sii:LD85_2481",NA,"rn:R00465 rn:R00475 rn:R00476 rn:R00717",NA,NA,NA,"line",NA,NA,"#B3B3E6","#FFFFFF",0,"01120"
"entry1619","681","sii:LD85_0443","gene","http://www.kegg.jp/dbget-bin/www_bget?sii:LD85_0443",NA,"rn:R06835",NA,NA,NA,"line",NA,NA,"#DA8E82","#FFFFFF",0,"01120"
"entry1620","696","sii:LD85_0297 / sii:LD85_0423 / sii:LD85_0979","gene","http://www.kegg.jp/dbget-bin/www_bget?sii:LD85_0297+sii:LD85_0423+sii:LD85_0979",NA,"rn:R05234",NA,NA,NA,"line",NA,NA,"#DA8E82","#FFFFFF",0,"01120"
"entry1621","700","sii:LD85_0297 / sii:LD85_0423 / sii:LD85_0979","gene","http://www.kegg.jp/dbget-bin/www_bget?sii:LD85_0297+sii:LD85_0423+sii:LD85_0979",NA,"rn:R05233",NA,NA,NA,"line",NA,NA,"#DA8E82","#FFFFFF",0,"01120"
"entry1622","712","sii:LD85_0407","gene","http://www.kegg.jp/dbget-bin/www_bget?sii:LD85_0407",NA,"rn:R04089",NA,NA,NA,"line",NA,NA,"#DA8E82","#FFFFFF",0,"01120"
"entry1623","722","sii:LD85_0410 / sii:LD85_0411 / sii:LD85_0413 / sii:LD85_0414","gene","http://www.kegg.jp/dbget-bin/www_bget?sii:LD85_0410+sii:LD85_0411+sii:LD85_0413+sii:LD85_0414",NA,"rn:R05666",NA,NA,NA,"line",NA,NA,"#DA8E82","#FFFFFF",0,"01120"
"entry1624","728","sii:LD85_0407","gene","http://www.kegg.jp/dbget-bin/www_bget?sii:LD85_0407",NA,"rn:R05295",NA,NA,NA,"line",NA,NA,"#DA8E82","#FFFFFF",0,"01120"
"entry1625","741","sii:LD85_0410 / sii:LD85_0411 / sii:LD85_0413 / sii:LD85_0414 / sii:LD85_0415","gene","http://www.kegg.jp/dbget-bin/www_bget?sii:LD85_0410+sii:LD85_0411+sii:LD85_0413+sii:LD85_0414+sii:LD85_0415",NA,"rn:R02550",NA,NA,NA,"line",NA,NA,"#DA8E82","#FFFFFF",0,"01120"
"entry1626","767","sii:LD85_0297 / sii:LD85_0423 / sii:LD85_0979","gene","http://www.kegg.jp/dbget-bin/www_bget?sii:LD85_0297+sii:LD85_0423+sii:LD85_0979",NA,"rn:R06917",NA,NA,NA,"line",NA,NA,"#DA8E82","#FFFFFF",0,"01120"
"entry1627","820","sii:LD85_0660","gene","http://www.kegg.jp/dbget-bin/www_bget?sii:LD85_0660",NA,"rn:R05440",NA,NA,NA,"line",NA,NA,"#DA8E82","#FFFFFF",0,"01120"
"entry1628","837","sii:LD85_1292","gene","http://www.kegg.jp/dbget-bin/www_bget?sii:LD85_1292",NA,"rn:R01049",NA,NA,NA,"line",NA,NA,"#8080F7","#FFFFFF",0,"01120"
"entry1629","844","sii:LD85_0360","gene","http://www.kegg.jp/dbget-bin/www_bget?sii:LD85_0360",NA,"rn:R05590",NA,NA,NA,"line",NA,NA,"#DA8E82","#FFFFFF",0,"01120"
"entry1630","849","sii:LD85_1926","gene","http://www.kegg.jp/dbget-bin/www_bget?sii:LD85_1926",NA,"rn:R01238",NA,NA,NA,"line",NA,NA,"#DA8E82","#FFFFFF",0,"01120"
"entry1631","880","sii:LD85_0407","gene","http://www.kegg.jp/dbget-bin/www_bget?sii:LD85_0407",NA,"rn:R05404",NA,NA,NA,"line",NA,NA,"#DA8E82","#FFFFFF",0,"01120"
"entry1632","883","sii:LD85_0360","gene","http://www.kegg.jp/dbget-bin/www_bget?sii:LD85_0360",NA,"rn:R05551",NA,NA,NA,"line",NA,NA,"#DA8E82","#FFFFFF",0,"01120"
"entry1633","888","sii:LD85_0966","gene","http://www.kegg.jp/dbget-bin/www_bget?sii:LD85_0966",NA,"rn:R02519",NA,NA,NA,"line",NA,NA,"#DA8E82","#FFFFFF",0,"01120"
"entry1634","898","sii:LD85_1791","gene","http://www.kegg.jp/dbget-bin/www_bget?sii:LD85_1791",NA,"rn:R00945",NA,NA,NA,"line",NA,NA,"#CC99FF","#FFFFFF",0,"01120"
"entry1635","902","sii:LD85_1311 / sii:LD85_2784","gene","http://www.kegg.jp/dbget-bin/www_bget?sii:LD85_1311+sii:LD85_2784",NA,"rn:R00134 rn:R00519 rn:R10797",NA,NA,NA,"line",NA,NA,"#CC99FF","#FFFFFF",0,"01120"
"entry1636","914","sii:LD85_1791","gene","http://www.kegg.jp/dbget-bin/www_bget?sii:LD85_1791",NA,"rn:R09099",NA,NA,NA,"line",NA,NA,"#CC99FF","#FFFFFF",0,"01120"
"entry1637","917","sii:LD85_1428","gene","http://www.kegg.jp/dbget-bin/www_bget?sii:LD85_1428",NA,"rn:R01513",NA,NA,NA,"line",NA,NA,"#CC99FF","#FFFFFF",0,"01120"
"entry1638","929","sii:LD85_2991 / sii:LD85_2992 / sii:LD85_2993","gene","http://www.kegg.jp/dbget-bin/www_bget?sii:LD85_2991+sii:LD85_2992+sii:LD85_2993",NA,"rn:R08571 rn:R10324 rn:R10615",NA,NA,NA,"line",NA,NA,"#8080F7","#FFFFFF",0,"01120"
"entry1639","934","sii:LD85_1788","gene","http://www.kegg.jp/dbget-bin/www_bget?sii:LD85_1788",NA,"rn:R01512",NA,NA,NA,"line",NA,NA,"#8080F7","#FFFFFF",0,"01120"
"entry1640","935","sii:LD85_2431","gene","http://www.kegg.jp/dbget-bin/www_bget?sii:LD85_2431",NA,"rn:R01058 rn:R07159 rn:R10860",NA,NA,NA,"line",NA,NA,"#8080F7","#FFFFFF",0,"01120"
"entry1641","936","sii:LD85_1214 / sii:LD85_1215 / sii:LD85_1217 / sii:LD85_1218 / sii:LD85_1219","gene","http://www.kegg.jp/dbget-bin/www_bget?sii:LD85_1214+sii:LD85_1215+sii:LD85_1217+sii:LD85_1218+sii:LD85_1219",NA,"rn:R04540 rn:R11928 rn:R11931 rn:R11943 rn:R11944",NA,NA,NA,"line",NA,NA,"#CC99FF","#FFFFFF",0,"01120"
"entry1642","957","sii:LD85_0443","gene","http://www.kegg.jp/dbget-bin/www_bget?sii:LD85_0443",NA,"rn:R08120",NA,NA,NA,"line",NA,NA,"#DA8E82","#FFFFFF",0,"01120"
"entry1643","991","sii:LD85_0297 / sii:LD85_0423 / sii:LD85_0979","gene","http://www.kegg.jp/dbget-bin/www_bget?sii:LD85_0297+sii:LD85_0423+sii:LD85_0979",NA,"rn:R06927",NA,NA,NA,"line",NA,NA,"#DA8E82","#FFFFFF",0,"01120"
"entry1644","1008","sii:LD85_0297 / sii:LD85_0423 / sii:LD85_0979","gene","http://www.kegg.jp/dbget-bin/www_bget?sii:LD85_0297+sii:LD85_0423+sii:LD85_0979",NA,"rn:R00746 rn:R00754 rn:R05198 rn:R09127 rn:R09479",NA,NA,NA,"line",NA,NA,"#8080F7","#FFFFFF",0,"01120"
"entry1702","1426","sii:LD85_2729","gene","http://www.kegg.jp/dbget-bin/www_bget?sii:LD85_2729",NA,"rn:R00529 rn:R00530",NA,NA,NA,"line",NA,NA,"#CC99FF","#FFFFFF",0,"01120"
"entry1703","1428","sii:LD85_2730","gene","http://www.kegg.jp/dbget-bin/www_bget?sii:LD85_2730",NA,"rn:R02021",NA,NA,NA,"line",NA,NA,"#CC99FF","#FFFFFF",0,"01120"
"entry1710","1442","sii:LD85_0033 / sii:LD85_0650 / sii:LD85_0667 / sii:LD85_0734 / sii:LD85_0753 / sii:LD85_0982 / sii:LD85_1040 / sii:LD85_2759","gene","http://www.kegg.jp/dbget-bin/www_bget?sii:LD85_0033+sii:LD85_0650+sii:LD85_0667+sii:LD85_0734+sii:LD85_0753+sii:LD85_0982+sii:LD85_1040+sii:LD85_2759",NA,"rn:R00229 rn:R00235",NA,NA,NA,"line",NA,NA,"#8080F7","#FFFFFF",0,"01120"
"entry1711","1444","sii:LD85_0053 / sii:LD85_1944","gene","http://www.kegg.jp/dbget-bin/www_bget?sii:LD85_0053+sii:LD85_1944",NA,"rn:R01518",NA,NA,NA,"line",NA,NA,"#8080F7","#FFFFFF",0,"01120"
"entry1714","1447","sii:LD85_1012 / sii:LD85_1222 / sii:LD85_2801 / sii:LD85_2802 / sii:LD85_3071","gene","http://www.kegg.jp/dbget-bin/www_bget?sii:LD85_1012+sii:LD85_1222+sii:LD85_2801+sii:LD85_2802+sii:LD85_3071",NA,"rn:R08549 rn:R01197",NA,NA,NA,"line",NA,NA,"#8080F7","#FFFFFF",0,"01120"
"entry1715","1448","sii:LD85_3130","gene","http://www.kegg.jp/dbget-bin/www_bget?sii:LD85_3130",NA,"rn:R01899",NA,NA,NA,"line",NA,NA,"#8080F7","#FFFFFF",0,"01120"
"entry1716","1449","sii:LD85_3130","gene","http://www.kegg.jp/dbget-bin/www_bget?sii:LD85_3130",NA,"rn:R00267 rn:R00709",NA,NA,NA,"line",NA,NA,"#8080F7","#FFFFFF",0,"01120"
"entry1721","1471","sii:LD85_0443","gene","http://www.kegg.jp/dbget-bin/www_bget?sii:LD85_0443",NA,"rn:R09136",NA,NA,NA,"line",NA,NA,"#DA8E82","#FFFFFF",0,"01120"
"entry1723","1525","sii:LD85_0350 / sii:LD85_0351 / sii:LD85_0352 / sii:LD85_0383 / sii:LD85_0384 / sii:LD85_0385 / sii:LD85_0386 / sii:LD85_2876 / sii:LD85_2877 / sii:LD85_2878 / sii:LD85_2879","gene","http://www.kegg.jp/dbget-bin/www_bget?sii:LD85_0350+sii:LD85_0351+sii:LD85_0352+sii:LD85_0383+sii:LD85_0384+sii:LD85_0385+sii:LD85_0386+sii:LD85_2876+sii:LD85_2877+sii:LD85_2878+sii:LD85_2879",NA,"rn:R08034",NA,NA,NA,"line",NA,NA,"#DA8E82","#FFFFFF",0,"01120"
"entry1727","1620","sii:LD85_0443","gene","http://www.kegg.jp/dbget-bin/www_bget?sii:LD85_0443",NA,"rn:R09220",NA,NA,NA,"line",NA,NA,"#DA8E82","#FFFFFF",0,"01120"
"entry1728","1622","sii:LD85_0443","gene","http://www.kegg.jp/dbget-bin/www_bget?sii:LD85_0443",NA,"rn:R09222",NA,NA,NA,"line",NA,NA,"#DA8E82","#FFFFFF",0,"01120"
"entry1736","1672","sii:LD85_1452 / sii:LD85_1870","gene","http://www.kegg.jp/dbget-bin/www_bget?sii:LD85_1452+sii:LD85_1870",NA,"rn:R01466",NA,NA,NA,"line",NA,NA,"#FFCC66","#FFFFFF",0,"01120"
"entry1737","1673","sii:LD85_0168","gene","http://www.kegg.jp/dbget-bin/www_bget?sii:LD85_0168",NA,"rn:R01771",NA,NA,NA,"line",NA,NA,"#FFCC66","#FFFFFF",0,"01120"
"entry1738","1674","sii:LD85_1686","gene","http://www.kegg.jp/dbget-bin/www_bget?sii:LD85_1686",NA,"rn:R01773 rn:R01775",NA,NA,NA,"line",NA,NA,"#FFCC66","#FFFFFF",0,"01120"
"entry1739","1675","sii:LD85_0705 / sii:LD85_2906","gene","http://www.kegg.jp/dbget-bin/www_bget?sii:LD85_0705+sii:LD85_2906",NA,"rn:R06977",NA,NA,NA,"line",NA,NA,"#FFCC66","#FFFFFF",0,"01120"
"entry1740","1680","sii:LD85_1454","gene","http://www.kegg.jp/dbget-bin/www_bget?sii:LD85_1454",NA,"rn:R02291",NA,NA,NA,"line",NA,NA,"#FFCC66","#FFFFFF",0,"01120"
"entry1741","1681","sii:LD85_1453","gene","http://www.kegg.jp/dbget-bin/www_bget?sii:LD85_1453",NA,"rn:R00480",NA,NA,NA,"line",NA,NA,"#FFCC66","#FFFFFF",0,"01120"
"entry1748","1692","sii:LD85_0085 / sii:LD85_2574 / sii:LD85_2611","gene","http://www.kegg.jp/dbget-bin/www_bget?sii:LD85_0085+sii:LD85_2574+sii:LD85_2611",NA,"rn:R10147",NA,NA,NA,"line",NA,NA,"#FFCC66","#FFFFFF",0,"01120"
"entry1749","1696","sii:LD85_0608 / sii:LD85_0703 / sii:LD85_1328","gene","http://www.kegg.jp/dbget-bin/www_bget?sii:LD85_0608+sii:LD85_0703+sii:LD85_1328",NA,"rn:R02734",NA,NA,NA,"line",NA,NA,"#FFCC66","#FFFFFF",0,"01120"
"entry1755","1757","sii:LD85_0410 / sii:LD85_0411 / sii:LD85_0413 / sii:LD85_0414 / sii:LD85_0415","gene","http://www.kegg.jp/dbget-bin/www_bget?sii:LD85_0410+sii:LD85_0411+sii:LD85_0413+sii:LD85_0414+sii:LD85_0415",NA,"rn:R03562",NA,NA,NA,"line",NA,NA,"#DA8E82","#FFFFFF",0,"01120"
"entry1764","1819","sii:LD85_0069 / sii:LD85_0424","gene","http://www.kegg.jp/dbget-bin/www_bget?sii:LD85_0069+sii:LD85_0424",NA,"rn:R00341 rn:R00345 rn:R00431 rn:R00726",NA,NA,NA,"line",NA,NA,"#8080F7","#FFFFFF",0,"01120"
"entry1768","1841","sii:LD85_1678","gene","http://www.kegg.jp/dbget-bin/www_bget?sii:LD85_1678",NA,"rn:R08572",NA,NA,NA,"line",NA,NA,"#8080F7","#FFFFFF",0,"01120"
"entry1771","1845","sii:LD85_0237 / sii:LD85_1994 / sii:LD85_3075","gene","http://www.kegg.jp/dbget-bin/www_bget?sii:LD85_0237+sii:LD85_1994+sii:LD85_3075",NA,"rn:R00253",NA,NA,NA,"line",NA,NA,"#CC99FF","#FFFFFF",0,"01120"
"entry1776","1905","sii:LD85_1353","gene","http://www.kegg.jp/dbget-bin/www_bget?sii:LD85_1353",NA,"rn:R00200 rn:R02320",NA,NA,NA,"line",NA,NA,"#CC99FF","#FFFFFF",0,"01120"
"entry1777","1907","sii:LD85_0069","gene","http://www.kegg.jp/dbget-bin/www_bget?sii:LD85_0069",NA,"rn:R00345",NA,NA,NA,"line",NA,NA,"#CC99FF","#FFFFFF",0,"01120"
"entry1778","1909","sii:LD85_3051","gene","http://www.kegg.jp/dbget-bin/www_bget?sii:LD85_3051",NA,"rn:R00342",NA,NA,NA,"line",NA,NA,"#CC99FF","#FFFFFF",0,"01120"
"entry1782","1916","sii:LD85_3051","gene","http://www.kegg.jp/dbget-bin/www_bget?sii:LD85_3051",NA,"rn:R00342 rn:R00343",NA,NA,NA,"line",NA,NA,"#CC99FF","#FFFFFF",0,"01120"
"entry1790","1935","sii:LD85_3130","gene","http://www.kegg.jp/dbget-bin/www_bget?sii:LD85_3130",NA,"rn:R00268",NA,NA,NA,"line",NA,NA,"#8080F7","#FFFFFF",0,"01120"
"entry1791","1936","sii:LD85_1248","gene","http://www.kegg.jp/dbget-bin/www_bget?sii:LD85_1248",NA,"rn:R01325",NA,NA,NA,"line",NA,NA,"#8080F7","#FFFFFF",0,"01120"
"entry1792","1938","sii:LD85_0280 / sii:LD85_0281","gene","http://www.kegg.jp/dbget-bin/www_bget?sii:LD85_0280+sii:LD85_0281",NA,"rn:R00405 rn:R00406 rn:R00727 rn:R10343",NA,NA,NA,"line",NA,NA,"#8080F7","#FFFFFF",0,"01120"
"entry1793","1942","sii:LD85_0258 / sii:LD85_0259 / sii:LD85_0260","gene","http://www.kegg.jp/dbget-bin/www_bget?sii:LD85_0258+sii:LD85_0259+sii:LD85_0260",NA,"rn:R01859",NA,NA,NA,"line",NA,NA,"#B3B3E6","#FFFFFF",0,"01120"
"entry1794","1943","sii:LD85_2405","gene","http://www.kegg.jp/dbget-bin/www_bget?sii:LD85_2405",NA,"rn:R01068",NA,NA,NA,"line",NA,NA,"#CC99FF","#FFFFFF",0,"01120"
"entry1795","1944","sii:LD85_1789","gene","http://www.kegg.jp/dbget-bin/www_bget?sii:LD85_1789",NA,"rn:R01061 rn:R01063",NA,NA,NA,"line",NA,NA,"#8080F7","#FFFFFF",0,"01120"
"entry1799","1953","sii:LD85_1263","gene","http://www.kegg.jp/dbget-bin/www_bget?sii:LD85_1263",NA,"rn:R01082",NA,NA,NA,"line",NA,NA,"#8080F7","#FFFFFF",0,"01120"
"entry1800","1955","sii:LD85_3047","gene","http://www.kegg.jp/dbget-bin/www_bget?sii:LD85_3047",NA,"rn:R00351 rn:R00352",NA,NA,NA,"line",NA,NA,"#8080F7","#FFFFFF",0,"01120"
"entry1802","1958","sii:LD85_2896","gene","http://www.kegg.jp/dbget-bin/www_bget?sii:LD85_2896",NA,"rn:R10782",NA,NA,NA,"line",NA,NA,"#CC99FF","#FFFFFF",0,"01120"
"entry1803","1959","sii:LD85_0554","gene","http://www.kegg.jp/dbget-bin/www_bget?sii:LD85_0554",NA,"rn:R09279 rn:R10758",NA,NA,NA,"line",NA,NA,"#CC99FF","#FFFFFF",0,"01120"
"entry1804","1960","sii:LD85_2424","gene","http://www.kegg.jp/dbget-bin/www_bget?sii:LD85_2424",NA,"rn:R09286 rn:R03157",NA,NA,NA,"line",NA,NA,"#CC99FF","#FFFFFF",0,"01120"
"entry1805","1961","sii:LD85_0258 / sii:LD85_0259 / sii:LD85_0260","gene","http://www.kegg.jp/dbget-bin/www_bget?sii:LD85_0258+sii:LD85_0259+sii:LD85_0260",NA,"rn:R00742",NA,NA,NA,"line",NA,NA,"#CC99FF","#FFFFFF",0,"01120"
"entry1806","1976","sii:LD85_0350 / sii:LD85_0351 / sii:LD85_0352 / sii:LD85_0383 / sii:LD85_0384 / sii:LD85_0385 / sii:LD85_0386 / sii:LD85_1007 / sii:LD85_1012 / sii:LD85_1222 / sii:LD85_2801 / sii:LD85_2802 / sii:LD85_2876 / sii:LD85_2877 / sii:LD85_2878 / sii:LD85_2879 / sii:LD85_3071","gene","http://www.kegg.jp/dbget-bin/www_bget?sii:LD85_0350+sii:LD85_0351+sii:LD85_0352+sii:LD85_0383+sii:LD85_0384+sii:LD85_0385+sii:LD85_0386+sii:LD85_1007+sii:LD85_1012+sii:LD85_1222+sii:LD85_2801+sii:LD85_2802+sii:LD85_2876+sii:LD85_2877+sii:LD85_2878+sii:LD85_2879+sii:LD85_3071",NA,"rn:R00209 rn:R01196 rn:R10866 rn:R00212",NA,NA,NA,"line",NA,NA,"#8080F7","#FFFFFF",0,"01120"
"entry1807","1977","sii:LD85_1888","gene","http://www.kegg.jp/dbget-bin/www_bget?sii:LD85_1888",NA,"rn:R09281",NA,NA,NA,"line",NA,NA,"#CC99FF","#FFFFFF",0,"01120"
"entry1831","2074","sii:LD85_1445","gene","http://www.kegg.jp/dbget-bin/www_bget?sii:LD85_1445",NA,"rn:R01421",NA,NA,NA,"line",NA,NA,"#DA8E82","#FFFFFF",0,"01120"
"entry1835","2100","sii:LD85_0360","gene","http://www.kegg.jp/dbget-bin/www_bget?sii:LD85_0360",NA,"rn:R02540",NA,NA,NA,"line",NA,NA,"#DA8E82","#FFFFFF",0,"01120"
"entry1842","2120","sii:LD85_1321 / sii:LD85_2733","gene","http://www.kegg.jp/dbget-bin/www_bget?sii:LD85_1321+sii:LD85_2733",NA,"rn:R01931 rn:R05072",NA,NA,NA,"line",NA,NA,"#CC99FF","#FFFFFF",0,"01120"
"entry1848","2151","sii:LD85_1248","gene","http://www.kegg.jp/dbget-bin/www_bget?sii:LD85_1248",NA,"rn:R01900",NA,NA,NA,"line",NA,NA,"#8080F7","#FFFFFF",0,"01120"
"entry1855","2179","sii:LD85_0159 / sii:LD85_0160 / sii:LD85_0161 / sii:LD85_0162","gene","http://www.kegg.jp/dbget-bin/www_bget?sii:LD85_0159+sii:LD85_0160+sii:LD85_0161+sii:LD85_0162",NA,"rn:R00402 rn:R02164 rn:R10660",NA,NA,NA,"line",NA,NA,"#8080F7","#FFFFFF",0,"01120"
